1 1 0.002961
1 2 0.005949
1 3 0.008993
1 4 0.012123
1 5 0.015365
1 6 0.018752
1 7 0.022311
1 8 0.026077
1 9 0.030077
1 10 0.034347
1 11 0.038909
1 12 0.043795
1 13 0.049018
1 14 0.054595
1 15 0.060515
1 16 0.066763
1 17 0.073281
1 18 0.079995
1 19 0.086770
1 20 0.093446
1 21 0.099795
1 22 0.105566
1 23 0.110464
1 24 0.114215
1 25 0.116564
1 26 0.117350
1 27 0.116507
1 28 0.114101
1 29 0.110293
1 30 0.105336
1 31 0.099504
1 32 0.093092
1 33 0.086350
1 34 0.079505
1 35 0.072719
1 36 0.066124
1 37 0.059793
1 38 0.053785
1 39 0.048113
1 40 0.042788
1 41 0.037792
1 42 0.033111
1 43 0.028711
1 44 0.024570
1 45 0.020649
1 46 0.016921
1 47 0.013349
1 48 0.009903
1 49 0.006550
1 50 0.003260
2 1 0.005894
2 2 0.011843
2 3 0.017905
2 4 0.024134
2 5 0.030591
2 6 0.037332
2 7 0.044424
2 8 0.051921
2 9 0.059896
2 10 0.068401
2 11 0.077506
2 12 0.087252
2 13 0.097695
2 14 0.108846
2 15 0.120718
2 16 0.133256
2 17 0.146383
2 18 0.159926
2 19 0.173657
2 20 0.187219
2 21 0.200185
2 22 0.212004
2 23 0.222092
2 24 0.229831
2 25 0.234704
2 26 0.236330
2 27 0.234592
2 28 0.229605
2 29 0.221751
2 30 0.211545
2 31 0.199604
2 32 0.186513
2 33 0.172819
2 34 0.158951
2 35 0.145263
2 36 0.131981
2 37 0.119279
2 38 0.107233
2 39 0.095893
2 40 0.085247
2 41 0.075281
2 42 0.065939
2 43 0.057175
2 44 0.048919
2 45 0.041114
2 46 0.033686
2 47 0.026576
2 48 0.019714
2 49 0.013041
2 50 0.006489
3 1 0.008773
3 2 0.017630
3 3 0.026651
3 4 0.035925
3 5 0.045534
3 6 0.055576
3 7 0.066131
3 8 0.077307
3 9 0.089185
3 10 0.101878
3 11 0.115462
3 12 0.130040
3 13 0.145665
3 14 0.162406
3 15 0.180254
3 16 0.199189
3 17 0.219070
3 18 0.239702
3 19 0.260712
3 20 0.281618
3 21 0.301722
3 22 0.320203
3 23 0.336070
3 24 0.348342
3 25 0.356092
3 26 0.358705
3 27 0.355924
3 28 0.348005
3 29 0.335561
3 30 0.319518
3 31 0.300856
3 32 0.280565
3 33 0.259463
3 34 0.238248
3 35 0.217400
3 36 0.197289
3 37 0.178110
3 38 0.160000
3 39 0.142979
3 40 0.127051
3 41 0.112147
3 42 0.098209
3 43 0.085132
3 44 0.072834
3 45 0.061201
3 46 0.050145
3 47 0.039556
3 48 0.029345
3 49 0.019409
3 50 0.009659
4 1 0.011572
4 2 0.023252
4 3 0.035154
4 4 0.047383
4 5 0.060065
4 6 0.073306
4 7 0.087244
4 8 0.101990
4 9 0.117693
4 10 0.134465
4 11 0.152461
4 12 0.171780
4 13 0.192561
4 14 0.214860
4 15 0.238749
4 16 0.264176
4 17 0.291053
4 18 0.319100
4 19 0.347917
4 20 0.376821
4 21 0.404928
4 22 0.431016
4 23 0.453689
4 24 0.471375
4 25 0.482663
4 26 0.486472
4 27 0.482440
4 28 0.470929
4 29 0.453015
4 30 0.430110
4 31 0.403782
4 32 0.375428
4 33 0.346265
4 34 0.317177
4 35 0.288844
4 36 0.261664
4 37 0.235913
4 38 0.211680
4 39 0.189010
4 40 0.167831
4 41 0.148080
4 42 0.129618
4 43 0.112338
4 44 0.096083
4 45 0.080734
4 46 0.066137
4 47 0.052173
4 48 0.038700
4 49 0.025598
4 50 0.012738
5 1 0.014263
5 2 0.028663
5 3 0.043329
5 4 0.058410
5 5 0.074036
5 6 0.090370
5 7 0.107550
5 8 0.125756
5 9 0.145132
5 10 0.165876
5 11 0.188136
5 12 0.212114
5 13 0.237938
5 14 0.265782
5 15 0.295706
5 16 0.327773
5 17 0.361868
5 18 0.397788
5 19 0.435035
5 20 0.472883
5 21 0.510153
5 22 0.545304
5 23 0.576294
5 24 0.600865
5 25 0.616712
5 26 0.622136
5 27 0.616437
5 28 0.600313
5 29 0.575461
5 30 0.544182
5 31 0.508736
5 32 0.471159
5 33 0.432992
5 34 0.395409
5 35 0.359135
5 36 0.324666
5 37 0.292200
5 38 0.261850
5 39 0.233549
5 40 0.207232
5 41 0.182724
5 42 0.159888
5 43 0.138519
5 44 0.118461
5 45 0.099514
5 46 0.081522
5 47 0.064300
5 48 0.047698
5 49 0.031546
5 50 0.015699
6 1 0.016825
6 2 0.033807
6 3 0.051111
6 4 0.068891
6 5 0.087331
6 6 0.106590
6 7 0.126873
6 8 0.148351
6 9 0.171256
6 10 0.195772
6 11 0.222157
6 12 0.250600
6 13 0.281366
6 14 0.314624
6 15 0.350593
6 16 0.389345
6 17 0.430933
6 18 0.475152
6 19 0.521629
6 20 0.569524
6 21 0.617572
6 22 0.663752
6 23 0.705393
6 24 0.739079
6 25 0.761255
6 26 0.768924
6 27 0.760929
6 28 0.738424
6 29 0.704405
6 30 0.662424
6 31 0.615892
6 32 0.567482
6 33 0.519207
6 34 0.472333
6 35 0.427696
6 36 0.385665
6 37 0.346441
6 38 0.309969
6 39 0.276171
6 40 0.244825
6 41 0.215753
6 42 0.188690
6 43 0.163436
6 44 0.139729
6 45 0.117376
6 46 0.096138
6 47 0.075832
6 48 0.056246
6 49 0.037203
6 50 0.018512
7 1 0.019231
7 2 0.038644
7 3 0.058416
7 4 0.078745
7 5 0.099808
7 6 0.121831
7 7 0.145002
7 8 0.169578
7 9 0.195769
7 10 0.223871
7 11 0.254119
7 12 0.286845
7 13 0.322303
7 14 0.360841
7 15 0.402698
7 16 0.448170
7 17 0.497367
7 18 0.550349
7 19 0.606805
7 20 0.666105
7 21 0.726858
7 22 0.786829
7 23 0.842446
7 24 0.888886
7 25 0.920307
7 26 0.931459
7 27 0.919932
7 28 0.888133
7 29 0.841310
7 30 0.785301
7 31 0.724927
7 32 0.663756
7 33 0.604022
7 34 0.547109
7 35 0.493648
7 36 0.443943
7 37 0.397931
7 38 0.355496
7 39 0.316340
7 40 0.280215
7 41 0.246773
7 42 0.215748
7 43 0.186804
7 44 0.159696
7 45 0.134122
7 46 0.109860
7 47 0.086645
7 48 0.064272
7 49 0.042508
7 50 0.021154
8 1 0.021463
8 2 0.043123
8 3 0.065192
8 4 0.087863
8 5 0.111372
8 6 0.135923
8 7 0.161786
8 8 0.189189
8 9 0.218448
8 10 0.249824
8 11 0.283691
8 12 0.320357
8 13 0.360256
8 14 0.403741
8 15 0.451292
8 16 0.503272
8 17 0.560124
8 18 0.622071
8 19 0.689242
8 20 0.761233
8 21 0.837028
8 22 0.914261
8 23 0.988773
8 24 1.053714
8 25 1.099719
8 26 1.116674
8 27 1.099298
8 28 1.052868
8 29 0.987496
8 30 0.912544
8 31 0.834858
8 32 0.758595
8 33 0.686116
8 34 0.618434
8 35 0.555948
8 36 0.498526
8 37 0.445940
8 38 0.397744
8 39 0.353566
8 40 0.312925
8 41 0.275456
8 42 0.240723
8 43 0.208405
8 44 0.178126
8 45 0.149610
8 46 0.122533
8 47 0.096653
8 48 0.071690
8 49 0.047420
8 50 0.023597
9 1 0.023498
9 2 0.047216
9 3 0.071364
9 4 0.096185
9 5 0.121892
9 6 0.148763
9 7 0.177032
9 8 0.207023
9 9 0.239009
9 10 0.273380
9 11 0.310466
9 12 0.350743
9 13 0.394623
9 14 0.442689
9 15 0.495457
9 16 0.553621
9 17 0.617786
9 18 0.688693
9 19 0.766861
9 20 0.852678
9 21 0.945762
9 22 1.044525
9 23 1.144673
9 24 1.237583
9 25 1.308182
9 26 1.336322
9 27 1.307717
9 28 1.236649
9 29 1.143264
9 30 1.042630
9 31 0.943367
9 32 0.849766
9 33 0.763412
9 34 0.684680
9 35 0.613182
9 36 0.548389
9 37 0.489559
9 38 0.436081
9 39 0.387256
9 40 0.342558
9 41 0.301403
9 42 0.263366
9 43 0.227967
9 44 0.194863
9 45 0.163657
9 46 0.134060
9 47 0.105742
9 48 0.078445
9 49 0.051886
9 50 0.025823
10 1 0.025325
10 2 0.050877
10 3 0.076900
10 4 0.103619
10 5 0.131308
10 6 0.160206
10 7 0.190634
10 8 0.222863
10 9 0.257282
10 10 0.294221
10 11 0.334161
10 12 0.377525
10 13 0.424928
10 14 0.476938
10 15 0.534357
10 16 0.597970
10 17 0.668844
10 18 0.748054
10 19 0.836965
10 20 0.936855
10 21 1.048945
10 22 1.173404
10 23 1.307930
10 24 1.443761
10 25 1.559215
10 26 1.612713
10 27 1.558708
10 28 1.442746
10 29 1.306397
10 30 1.171343
10 31 1.046341
10 32 0.933690
10 33 0.833215
10 34 0.743693
10 35 0.663840
10 36 0.592287
10 37 0.527952
10 38 0.469765
10 39 0.416932
10 40 0.368648
10 41 0.324333
10 42 0.283370
10 43 0.245321
10 44 0.209700
10 45 0.176161
10 46 0.144309
10 47 0.113854
10 48 0.084464
10 49 0.055878
10 50 0.027808
11 1 0.026925
11 2 0.054094
11 3 0.081741
11 4 0.110135
11 5 0.139515
11 6 0.170193
11 7 0.202433
11 8 0.236610
11 9 0.273036
11 10 0.312176
11 11 0.354432
11 12 0.400400
11 13 0.450628
11 14 0.505919
11 15 0.567066
11 16 0.635207
11 17 0.711567
11 18 0.797864
11 19 0.896091
11 20 1.008978
11 21 1.139760
11 22 1.292352
11 23 1.469882
11 24 1.670438
11 25 1.872202
11 26 1.996715
11 27 1.871658
11 28 1.669346
11 29 1.468235
11 30 1.290138
11 31 1.136964
11 32 1.005578
11 33 0.892065
11 34 0.793182
11 35 0.706197
11 36 0.629109
11 37 0.560197
11 38 0.498228
11 39 0.442061
11 40 0.390890
11 41 0.343912
11 42 0.300563
11 43 0.260246
11 44 0.222540
11 45 0.186977
11 46 0.153224
11 47 0.120900
11 48 0.089718
11 49 0.059354
11 50 0.029544
12 1 0.028295
12 2 0.056833
12 3 0.085876
12 4 0.115664
12 5 0.146493
12 6 0.178619
12 7 0.212392
12 8 0.248106
12 9 0.286193
12 10 0.327016
12 11 0.371126
12 12 0.419014
12 13 0.471417
12 14 0.529043
12 15 0.592941
12 16 0.664226
12 17 0.744519
12 18 0.835744
12 19 0.940722
12 20 1.063207
12 21 1.208921
12 22 1.386363
12 23 1.608945
12 24 1.895907
12 25 2.262548
12 26 2.630289
12 27 2.261970
12 28 1.894746
12 29 1.607193
12 30 1.384009
12 31 1.205948
12 32 1.059595
12 33 0.936444
12 34 0.830772
12 35 0.738816
12 36 0.657754
12 37 0.585652
12 38 0.520887
12 39 0.462332
12 40 0.408939
12 41 0.359984
12 42 0.314727
12 43 0.272662
12 44 0.233235
12 45 0.196064
12 46 0.160710
12 47 0.126859
12 48 0.094151
12 49 0.062306
12 50 0.031012
13 1 0.029423
13 2 0.059098
13 3 0.089267
13 4 0.120211
13 5 0.152175
13 6 0.185485
13 7 0.220410
13 8 0.257346
13 9 0.296613
13 10 0.338706
13 11 0.384043
13 12 0.433272
13 13 0.486981
13 14 0.546067
13 15 0.611431
13 16 0.684416
13 17 0.766539
13 18 0.860053
13 19 0.967847
13 20 1.094384
13 21 1.246354
13 22 1.435393
13 23 1.683628
13 24 2.041824
13 25 2.651795
13 26 4.000000
13 27 2.651185
13 28 2.040600
13 29 1.681783
13 30 1.432913
13 31 1.243223
13 32 1.090579
13 33 0.963344
13 34 0.854818
13 35 0.760540
13 36 0.677608
13 37 0.603769
13 38 0.537495
13 39 0.477442
13 40 0.422695
13 41 0.372356
13 42 0.325821
13 43 0.282440
13 44 0.241776
13 45 0.203333
13 46 0.166766
13 47 0.131676
13 48 0.097768
13 49 0.064705
13 50 0.032215
14 1 0.030313
14 2 0.060870
14 3 0.091933
14 4 0.123740
14 5 0.156591
14 6 0.190736
14 7 0.226529
14 8 0.264253
14 9 0.304344
14 10 0.347151
14 11 0.393229
14 12 0.443048
14 13 0.497347
14 14 0.556812
14 15 0.622490
14 16 0.695468
14 17 0.777367
14 18 0.870080
14 19 0.976426
14 20 1.100127
14 21 1.246905
14 22 1.425227
14 23 1.648510
14 24 1.935966
14 25 2.302901
14 26 2.670716
14 27 2.302264
14 28 1.934687
14 29 1.646582
14 30 1.422636
14 31 1.243633
14 32 1.096154
14 33 0.971723
14 34 0.864617
14 35 0.771106
14 36 0.688368
14 37 0.614501
14 38 0.547881
14 39 0.487411
14 40 0.432041
14 41 0.381070
14 42 0.333760
14 43 0.289620
14 44 0.248097
14 45 0.208818
14 46 0.171346
14 47 0.135373
14 48 0.100538
14 49 0.066565
14 50 0.033142
15 1 0.030961
15 2 0.062169
15 3 0.093854
15 4 0.126293
15 5 0.159715
15 6 0.194440
15 7 0.230716
15 8 0.268925
15 9 0.309358
15 10 0.352484
15 11 0.398673
15 12 0.448526
15 13 0.502547
15 14 0.561541
15 15 0.626249
15 16 0.697807
15 17 0.777381
15 18 0.866687
15 19 0.967651
15 20 1.083003
15 21 1.215911
15 22 1.370295
15 23 1.549221
15 24 1.750789
15 25 1.953129
15 26 2.077809
15 27 1.952468
15 28 1.749462
15 29 1.547220
15 30 1.367607
15 31 1.212519
15 32 1.078883
15 33 0.962778
15 34 0.861026
15 35 0.770898
15 36 0.690456
15 37 0.617983
15 38 0.552303
15 39 0.492279
15 40 0.437154
15 41 0.386124
15 42 0.338669
15 43 0.294185
15 44 0.252286
15 45 0.212498
15 46 0.174509
15 47 0.137933
15 48 0.102497
15 49 0.067874
15 50 0.033804
16 1 0.031382
16 2 0.062991
16 3 0.095079
16 4 0.127862
16 5 0.161626
16 6 0.196593
16 7 0.233095
16 8 0.271375
16 9 0.311833
16 10 0.354755
16 11 0.400634
16 12 0.449835
16 13 0.502977
16 14 0.560555
16 15 0.623375
16 16 0.692132
16 17 0.767892
16 18 0.851634
16 19 0.944718
16 20 1.048321
16 21 1.163665
16 22 1.290820
16 23 1.427494
16 24 1.564839
16 25 1.681197
16 26 1.734924
16 27 1.680516
16 28 1.563472
16 29 1.425433
16 30 1.288052
16 31 1.160170
16 32 1.044079
16 33 0.939699
16 34 0.845809
16 35 0.761221
16 36 0.684574
16 37 0.614878
16 38 0.551068
16 39 0.492434
16 40 0.438171
16 41 0.387768
16 42 0.340607
16 43 0.296303
16 44 0.254364
16 45 0.214484
16 46 0.176259
16 47 0.139425
16 48 0.103644
16 49 0.068667
16 50 0.034202
17 1 0.031574
17 2 0.063374
17 3 0.095607
17 4 0.128528
17 5 0.162336
17 6 0.197323
17 7 0.233695
17 8 0.271793
17 9 0.311842
17 10 0.354248
17 11 0.399274
17 12 0.447406
17 13 0.498970
17 14 0.554553
17 15 0.614563
17 16 0.679692
17 17 0.750422
17 18 0.827484
17 19 0.911266
17 20 1.002146
17 21 1.099608
17 22 1.202065
17 23 1.305097
17 24 1.400100
17 25 1.471897
17 26 1.500384
17 27 1.471199
17 28 1.398699
17 29 1.302986
17 30 1.199229
17 31 1.096030
17 32 0.997803
17 33 0.906132
17 34 0.821525
17 35 0.743603
17 36 0.671967
17 37 0.605887
17 38 0.544867
17 39 0.488217
17 40 0.435513
17 41 0.386171
17 42 0.339846
17 43 0.296054
17 44 0.254512
17 45 0.214814
17 46 0.176713
17 47 0.139865
17 48 0.104043
17 49 0.068949
17 50 0.034355
18 1 0.031561
18 2 0.063323
18 3 0.095510
18 4 0.128306
18 5 0.161967
18 6 0.196670
18 7 0.232708
18 8 0.270261
18 9 0.309667
18 10 0.351120
18 11 0.395007
18 12 0.441544
18 13 0.491171
18 14 0.544123
18 15 0.600877
18 16 0.661651
18 17 0.726877
18 18 0.796616
18 19 0.870978
18 20 0.949388
18 21 1.030819
18 22 1.112734
18 23 1.190984
18 24 1.258567
18 25 1.306154
18 26 1.323515
18 27 1.305443
18 28 1.257141
18 29 1.188834
18 30 1.109847
18 31 1.027176
18 32 0.944969
18 33 0.865754
18 34 0.790557
18 35 0.719944
18 36 0.653804
18 37 0.592064
18 38 0.534296
18 39 0.480264
18 40 0.429495
18 41 0.381738
18 42 0.336553
18 43 0.293708
18 44 0.252816
18 45 0.213663
18 46 0.175912
18 47 0.139360
18 48 0.103714
18 49 0.068769
18 50 0.034269
19 1 0.031348
19 2 0.062891
19 3 0.094803
19 4 0.127305
19 5 0.160555
19 6 0.194806
19 7 0.230205
19 8 0.267037
19 9 0.305446
19 10 0.345752
19 11 0.388092
19 12 0.432815
19 13 0.480048
19 14 0.530139
19 15 0.583170
19 16 0.639423
19 17 0.698821
19 18 0.761400
19 19 0.826642
19 20 0.893892
19 21 0.961544
19 22 1.027351
19 23 1.087539
19 24 1.137304
19 25 1.170637
19 26 1.182350
19 27 1.169916
19 28 1.135859
19 29 1.085361
19 30 1.024426
19 31 0.957856
19 32 0.889417
19 33 0.821357
19 34 0.755269
19 35 0.691812
19 36 0.631491
19 37 0.574271
19 38 0.520218
19 39 0.469049
19 40 0.420670
19 41 0.374733
19 42 0.331094
19 43 0.289410
19 44 0.249521
19 45 0.211111
19 46 0.174015
19 47 0.137950
19 48 0.102745
19 49 0.068147
19 50 0.033973
20 1 0.030962
20 2 0.062089
20 3 0.093572
20 4 0.125555
20 5 0.158253
20 6 0.191793
20 7 0.226417
20 8 0.262236
20 9 0.299515
20 10 0.338348
20 11 0.379014
20 12 0.421577
20 13 0.466311
20 14 0.513218
20 15 0.562509
20 16 0.614050
20 17 0.667868
20 18 0.723520
20 19 0.780594
20 20 0.837994
20 21 0.894414
20 22 0.947585
20 23 0.994817
20 24 1.032475
20 25 1.057036
20 26 1.065333
20 27 1.056309
20 28 1.031018
20 29 0.992621
20 30 0.944637
20 31 0.890698
20 32 0.833488
20 33 0.775271
20 34 0.717352
20 35 0.660816
20 36 0.606077
20 37 0.553565
20 38 0.503257
20 39 0.455272
20 40 0.409402
20 41 0.365628
20 42 0.323681
20 43 0.283480
20 44 0.244747
20 45 0.207371
20 46 0.171087
20 47 0.135767
20 48 0.101168
20 49 0.067143
20 50 0.033476
21 1 0.030410
21 2 0.060979
21 3 0.091841
21 4 0.123180
21 5 0.155108
21 6 0.187830
21 7 0.221435
21 8 0.256148
21 9 0.292032
21 10 0.329320
21 11 0.368038
21 12 0.408410
21 13 0.450400
21 14 0.494180
21 15 0.539597
21 16 0.586690
21 17 0.635082
21 18 0.684524
21 19 0.734221
21 20 0.783388
21 21 0.830535
21 22 0.874074
21 23 0.911671
21 24 0.941059
21 25 0.959698
21 26 0.965954
21 27 0.958970
21 28 0.939597
21 29 0.909468
21 30 0.871117
21 31 0.826809
21 32 0.778869
21 33 0.728888
21 34 0.678343
21 35 0.628023
21 36 0.578709
21 37 0.530655
21 38 0.484224
21 39 0.439379
21 40 0.396260
21 41 0.354697
21 42 0.314712
21 43 0.276083
21 44 0.238768
21 45 0.202537
21 46 0.167308
21 47 0.132861
21 48 0.099085
21 49 0.065780
21 50 0.032812
22 1 0.029723
22 2 0.059574
22 3 0.089704
22 4 0.120217
22 5 0.151285
22 6 0.182983
22 7 0.215504
22 8 0.248890
22 9 0.283341
22 10 0.318862
22 11 0.355642
22 12 0.393626
22 13 0.432965
22 14 0.473505
22 15 0.515300
22 16 0.558030
22 17 0.601555
22 18 0.645272
22 19 0.688701
22 20 0.730801
22 21 0.770597
22 22 0.806505
22 23 0.837068
22 24 0.860393
22 25 0.875080
22 26 0.879814
22 27 0.874352
22 28 0.858933
22 29 0.834867
22 30 0.803553
22 31 0.766876
22 32 0.726293
22 33 0.683379
22 34 0.639110
22 35 0.594518
22 36 0.550083
22 37 0.506397
22 38 0.463603
22 39 0.422007
22 40 0.381561
22 41 0.342402
22 42 0.304385
22 43 0.267548
22 44 0.231705
22 45 0.196837
22 46 0.162747
22 47 0.129374
22 48 0.096533
22 49 0.064127
22 50 0.031991
23 1 0.028908
23 2 0.057938
23 3 0.087185
23 4 0.116793
23 5 0.146830
23 6 0.177456
23 7 0.208706
23 8 0.240750
23 9 0.273582
23 10 0.307367
23 11 0.342042
23 12 0.377744
23 13 0.414327
23 14 0.451860
23 15 0.490068
23 16 0.528885
23 17 0.567837
23 18 0.606635
23 19 0.644511
23 20 0.680858
23 21 0.714545
23 22 0.744628
23 23 0.769702
23 24 0.788717
23 25 0.800413
23 26 0.804222
23 27 0.799689
23 28 0.787265
23 29 0.767514
23 30 0.741693
23 31 0.710847
23 32 0.676377
23 33 0.639226
23 34 0.600516
23 35 0.560855
23 36 0.521001
23 37 0.481245
23 38 0.442051
23 39 0.403486
23 40 0.365812
23 41 0.328966
23 42 0.293078
23 43 0.258017
23 44 0.223830
23 45 0.190356
23 46 0.157587
23 47 0.125357
23 48 0.093615
23 49 0.062206
23 50 0.031047
24 1 0.027997
24 2 0.056085
24 3 0.084379
24 4 0.112942
24 5 0.141907
24 6 0.171305
24 7 0.201280
24 8 0.231823
24 9 0.263077
24 10 0.294981
24 11 0.327659
24 12 0.360980
24 13 0.395019
24 14 0.429541
24 15 0.464532
24 16 0.499606
24 17 0.534600
24 18 0.568921
24 19 0.602195
24 20 0.633575
24 21 0.662453
24 22 0.687762
24 23 0.708758
24 24 0.724360
24 25 0.733998
24 26 0.736970
24 27 0.733281
24 28 0.722922
24 29 0.706590
24 30 0.684856
24 31 0.658792
24 32 0.629143
24 33 0.596966
24 34 0.562873
24 35 0.527699
24 36 0.491821
24 37 0.455822
24 38 0.419869
24 39 0.384333
24 40 0.349235
24 41 0.314795
24 42 0.280944
24 43 0.247798
24 44 0.215240
24 45 0.183315
24 46 0.151886
24 47 0.120947
24 48 0.090363
24 49 0.060085
24 50 0.029990
25 1 0.026994
25 2 0.054075
25 3 0.081303
25 4 0.108786
25 5 0.136552
25 6 0.164722
25 7 0.193288
25 8 0.222374
25 9 0.251923
25 10 0.282050
25 11 0.312636
25 12 0.343764
25 13 0.375228
25 14 0.407051
25 15 0.438912
25 16 0.470731
25 17 0.502035
25 18 0.532600
25 19 0.561771
25 20 0.589156
25 21 0.613929
25 22 0.635578
25 23 0.653206
25 24 0.666342
25 25 0.674249
25 26 0.676756
25 27 0.673541
25 28 0.664923
25 29 0.651069
25 30 0.632711
25 31 0.610321
25 32 0.584786
25 33 0.556621
25 34 0.526643
25 35 0.495245
25 36 0.463072
25 37 0.430353
25 38 0.397548
25 39 0.364743
25 40 0.332244
25 41 0.300037
25 42 0.268312
25 43 0.236992
25 44 0.206182
25 45 0.175776
25 46 0.145816
25 47 0.116185
25 48 0.086877
25 49 0.057781
25 50 0.028854
26 1 0.025930
26 2 0.051919
26 3 0.078049
26 4 0.104347
26 5 0.130915
26 6 0.157745
26 7 0.184944
26 8 0.212462
26 9 0.240404
26 10 0.268662
26 11 0.297324
26 12 0.326210
26 13 0.355366
26 14 0.384522
26 15 0.413652
26 16 0.442371
26 17 0.470552
26 18 0.497673
26 19 0.523492
26 20 0.547349
26 21 0.568903
26 22 0.587414
26 23 0.602527
26 24 0.613553
26 25 0.620284
26 26 0.622261
26 27 0.619588
26 28 0.612159
26 29 0.600427
26 30 0.584599
26 31 0.565358
26 32 0.543060
26 33 0.518437
26 34 0.491832
26 35 0.463894
26 36 0.434869
26 37 0.405271
26 38 0.375228
26 39 0.345115
26 40 0.314963
26 41 0.285028
26 42 0.255274
26 43 0.225865
26 44 0.196722
26 45 0.167938
26 46 0.139417
26 47 0.111197
26 48 0.083179
26 49 0.055358
26 50 0.027645
27 1 0.024808
27 2 0.049673
27 3 0.074624
27 4 0.099741
27 5 0.125018
27 6 0.150546
27 7 0.176283
27 8 0.202321
27 9 0.228568
27 10 0.255107
27 11 0.281786
27 12 0.308661
27 13 0.335505
27 14 0.362326
27 15 0.388804
27 16 0.414881
27 17 0.440128
27 18 0.464405
27 19 0.487174
27 20 0.508217
27 21 0.526919
27 22 0.543031
27 23 0.555935
27 24 0.565448
27 25 0.571072
27 26 0.572808
27 27 0.570391
27 28 0.564083
27 29 0.553881
27 30 0.540276
27 31 0.523454
27 32 0.504023
27 33 0.482234
27 34 0.458696
27 35 0.433628
27 36 0.407558
27 37 0.380632
27 38 0.353266
27 39 0.325524
27 40 0.297716
27 41 0.269838
27 42 0.242106
27 43 0.214471
27 44 0.187073
27 45 0.159837
27 46 0.132842
27 47 0.106007
27 48 0.079360
27 49 0.052825
27 50 0.026393
28 1 0.023654
28 2 0.047340
28 3 0.071112
28 4 0.094973
28 5 0.118994
28 6 0.143140
28 7 0.167492
28 8 0.191971
28 9 0.216655
28 10 0.241413
28 11 0.266308
28 12 0.291145
28 13 0.315957
28 14 0.340473
28 15 0.364680
28 16 0.388221
28 17 0.411024
28 18 0.432643
28 19 0.452950
28 20 0.471427
28 21 0.487909
28 22 0.501856
28 23 0.513126
28 24 0.521233
28 25 0.526142
28 26 0.527508
28 27 0.525478
28 28 0.519902
28 29 0.511122
28 30 0.499171
28 31 0.484531
28 32 0.467342
28 33 0.448139
28 34 0.427089
28 35 0.404699
28 36 0.381104
28 37 0.356738
28 38 0.331680
28 39 0.306273
28 40 0.280539
28 41 0.254737
28 42 0.228841
28 43 0.203033
28 44 0.177261
28 45 0.151642
28 46 0.126108
28 47 0.100727
28 48 0.075431
28 49 0.050241
28 50 0.025101
29 1 0.022469
29 2 0.044971
29 3 0.067512
29 4 0.090145
29 5 0.112845
29 6 0.135677
29 7 0.158574
29 8 0.181610
29 9 0.204669
29 10 0.227818
29 11 0.250888
29 12 0.273928
29 13 0.296706
29 14 0.319238
29 15 0.341222
29 16 0.362635
29 17 0.383102
29 18 0.402555
29 19 0.420556
29 20 0.437007
29 21 0.451435
29 22 0.463745
29 23 0.473481
29 24 0.480610
29 25 0.484755
29 26 0.486001
29 27 0.484110
29 28 0.479317
29 29 0.471536
29 30 0.461138
29 31 0.448156
29 32 0.433042
29 33 0.415891
29 34 0.397168
29 35 0.376975
29 36 0.355741
29 37 0.333538
29 38 0.310731
29 39 0.287350
29 40 0.263686
29 41 0.239730
29 42 0.215701
29 43 0.191561
29 44 0.167466
29 45 0.143361
29 46 0.119346
29 47 0.095364
29 48 0.071468
29 49 0.047607
29 50 0.023797
30 1 0.021276
30 2 0.042563
30 3 0.063894
30 4 0.085252
30 5 0.106688
30 6 0.128147
30 7 0.149691
30 8 0.171224
30 9 0.192809
30 10 0.214301
30 11 0.235755
30 12 0.256974
30 13 0.277991
30 14 0.298550
30 15 0.318658
30 16 0.337996
30 17 0.356542
30 18 0.373919
30 19 0.390081
30 20 0.404612
30 21 0.417461
30 22 0.428209
30 23 0.436838
30 24 0.442970
30 25 0.446663
30 26 0.447631
30 27 0.446039
30 28 0.441720
30 29 0.434955
30 30 0.425688
30 31 0.414290
30 32 0.400780
30 33 0.385571
30 34 0.368718
30 35 0.350626
30 36 0.331346
30 37 0.311247
30 38 0.290356
30 39 0.268982
30 40 0.247124
30 41 0.225030
30 42 0.202672
30 43 0.180237
30 44 0.157681
30 45 0.135136
30 46 0.112553
30 47 0.090014
30 48 0.067472
30 49 0.044972
30 50 0.022478
31 1 0.020072
31 2 0.040160
31 3 0.060251
31 4 0.080381
31 5 0.100508
31 6 0.120681
31 7 0.140819
31 8 0.160980
31 9 0.181041
31 10 0.201057
31 11 0.220859
31 12 0.240492
31 13 0.259735
31 14 0.278617
31 15 0.296864
31 16 0.314484
31 17 0.331151
31 18 0.346857
31 19 0.361236
31 20 0.374273
31 21 0.385588
31 22 0.395180
31 23 0.402690
31 24 0.408164
31 25 0.411297
31 26 0.412214
31 27 0.410696
31 28 0.406958
31 29 0.400876
31 30 0.392751
31 31 0.382534
31 32 0.370582
31 33 0.356897
31 34 0.341850
31 35 0.325463
31 36 0.308091
31 37 0.289748
31 38 0.270750
31 39 0.251097
31 40 0.231051
31 41 0.210593
31 42 0.189932
31 43 0.169033
31 44 0.148054
31 45 0.126951
31 46 0.105836
31 47 0.084666
31 48 0.063509
31 49 0.042332
31 50 0.021168
32 1 0.018879
32 2 0.037753
32 3 0.056642
32 4 0.075514
32 5 0.094404
32 6 0.113248
32 7 0.132092
32 8 0.150835
32 9 0.169528
32 10 0.188027
32 11 0.206381
32 12 0.224400
32 13 0.242125
32 14 0.259320
32 15 0.276014
32 16 0.291923
32 17 0.307065
32 18 0.321120
32 19 0.334097
32 20 0.345656
32 21 0.355814
32 22 0.364235
32 23 0.370965
32 24 0.375699
32 25 0.378538
32 26 0.379234
32 27 0.377960
32 28 0.374542
32 29 0.369224
32 30 0.361904
32 31 0.352884
32 32 0.342117
32 33 0.329935
32 34 0.316323
32 35 0.301615
32 36 0.285805
32 37 0.269204
32 38 0.251801
32 39 0.233871
32 40 0.215391
32 41 0.196588
32 42 0.177430
32 43 0.158097
32 44 0.138550
32 45 0.118923
32 46 0.099175
32 47 0.079401
32 48 0.059566
32 49 0.039727
32 50 0.019863
33 1 0.017689
33 2 0.035380
33 3 0.053051
33 4 0.070724
33 5 0.088346
33 6 0.105956
33 7 0.123468
33 8 0.140927
33 9 0.158210
33 10 0.175368
33 11 0.192237
33 12 0.208865
33 13 0.225046
33 14 0.240822
33 15 0.255947
33 16 0.270455
33 17 0.284066
33 18 0.296807
33 19 0.308375
33 20 0.318803
33 21 0.327779
33 22 0.335356
33 23 0.341237
33 24 0.345512
33 25 0.347922
33 26 0.348609
33 27 0.347370
33 28 0.344406
33 29 0.339573
33 30 0.333128
33 31 0.324980
33 32 0.315422
33 33 0.304403
33 34 0.292228
33 35 0.278868
33 36 0.264620
33 37 0.249460
33 38 0.233660
33 39 0.217194
33 40 0.200297
33 41 0.182938
33 42 0.165310
33 43 0.147376
33 44 0.129290
33 45 0.111014
33 46 0.092661
33 47 0.074197
33 48 0.055699
33 49 0.037146
33 50 0.018582
34 1 0.016521
34 2 0.033027
34 3 0.049529
34 4 0.065984
34 5 0.082419
34 6 0.098764
34 7 0.115056
34 8 0.131193
34 9 0.147221
34 10 0.162999
34 11 0.178576
34 12 0.193777
34 13 0.208647
34 14 0.222974
34 15 0.236802
34 16 0.249885
34 17 0.262265
34 18 0.273669
34 19 0.284144
34 20 0.293404
34 21 0.301508
34 22 0.308174
34 23 0.313488
34 24 0.317191
34 25 0.319405
34 26 0.319911
34 27 0.318879
34 28 0.316138
34 29 0.311904
34 30 0.306054
34 31 0.298844
34 32 0.290189
34 33 0.280366
34 34 0.269319
34 35 0.257326
34 36 0.244347
34 37 0.230645
34 38 0.216185
34 39 0.201205
34 40 0.185667
34 41 0.169776
34 42 0.153494
34 43 0.136988
34 44 0.120221
34 45 0.103321
34 46 0.086256
34 47 0.069120
34 48 0.051889
34 49 0.034624
34 50 0.017317
35 1 0.015366
35 2 0.030727
35 3 0.046052
35 4 0.061356
35 5 0.076581
35 6 0.091758
35 7 0.106800
35 8 0.121747
35 9 0.136480
35 10 0.151046
35 11 0.165292
35 12 0.179269
35 13 0.192791
35 14 0.205908
35 15 0.218403
35 16 0.230327
35 17 0.241439
35 18 0.251791
35 19 0.261127
35 20 0.269508
35 21 0.276673
35 22 0.282705
35 23 0.287351
35 24 0.290724
35 25 0.292597
35 26 0.293118
35 27 0.292099
35 28 0.289726
35 29 0.285851
35 30 0.280696
35 31 0.274152
35 32 0.266463
35 33 0.257552
35 34 0.247674
35 35 0.236770
35 36 0.225091
35 37 0.212589
35 38 0.199497
35 39 0.185772
35 40 0.171622
35 41 0.157006
35 42 0.142099
35 43 0.126863
35 44 0.111439
35 45 0.095793
35 46 0.080035
35 47 0.064138
35 48 0.048180
35 49 0.032145
35 50 0.016085
36 1 0.014240
36 2 0.028461
36 3 0.042664
36 4 0.056805
36 5 0.070903
36 6 0.084888
36 7 0.098791
36 8 0.112514
36 9 0.126097
36 10 0.139411
36 11 0.152505
36 12 0.165217
36 13 0.177599
36 14 0.189462
36 15 0.200861
36 16 0.211582
36 17 0.221682
36 18 0.230931
36 19 0.239393
36 20 0.246828
36 21 0.253316
36 22 0.258620
36 23 0.262841
36 24 0.265756
36 25 0.267497
36 26 0.267866
36 27 0.267027
36 28 0.264816
36 29 0.261426
36 30 0.256727
36 31 0.250939
36 32 0.243961
36 33 0.236026
36 34 0.227056
36 35 0.217288
36 36 0.206658
36 37 0.195393
36 38 0.183441
36 39 0.171007
36 40 0.158044
36 41 0.144734
36 42 0.131033
36 43 0.117094
36 44 0.102879
36 45 0.088509
36 46 0.073954
36 47 0.059306
36 48 0.044546
36 49 0.029738
36 50 0.014876
37 1 0.013134
37 2 0.026257
37 3 0.039337
37 4 0.052383
37 5 0.065338
37 6 0.078225
37 7 0.090962
37 8 0.103585
37 9 0.115983
37 10 0.128199
37 11 0.140098
37 12 0.151728
37 13 0.162925
37 14 0.173744
37 15 0.183998
37 16 0.193745
37 17 0.202778
37 18 0.211165
37 19 0.218686
37 20 0.225420
37 21 0.231144
37 22 0.235954
37 23 0.239636
37 24 0.242306
37 25 0.243768
37 26 0.244166
37 27 0.243328
37 28 0.241423
37 29 0.238309
37 30 0.234179
37 31 0.228917
37 32 0.222732
37 33 0.215533
37 34 0.207535
37 35 0.198666
37 36 0.189136
37 37 0.178886
37 38 0.168115
37 39 0.156769
37 40 0.145030
37 41 0.132851
37 42 0.120388
37 43 0.107601
37 44 0.094619
37 45 0.081408
37 46 0.068071
37 47 0.054586
37 48 0.041026
37 49 0.027382
37 50 0.013704
38 1 0.012058
38 2 0.024095
38 3 0.036106
38 4 0.048051
38 5 0.059942
38 6 0.071712
38 7 0.083388
38 8 0.094880
38 9 0.106224
38 10 0.117305
38 11 0.128168
38 12 0.138671
38 13 0.148867
38 14 0.158592
38 15 0.167905
38 16 0.176621
38 17 0.184807
38 18 0.192265
38 19 0.199071
38 20 0.205021
38 21 0.210203
38 22 0.214416
38 23 0.217767
38 24 0.220063
38 25 0.221433
38 26 0.221702
38 27 0.221022
38 28 0.219241
38 29 0.216530
38 30 0.212762
38 31 0.208126
38 32 0.202518
38 33 0.196133
38 34 0.188887
38 35 0.180978
38 36 0.172335
38 37 0.163150
38 38 0.153362
38 39 0.143148
38 40 0.132457
38 41 0.121444
38 42 0.110068
38 43 0.098460
38 44 0.086586
38 45 0.074554
38 46 0.062337
38 47 0.050020
38 48 0.037588
38 49 0.025101
38 50 0.012559
39 1 0.011004
39 2 0.021996
39 3 0.032943
39 4 0.043851
39 5 0.054665
39 6 0.065406
39 7 0.075998
39 8 0.086472
39 9 0.096730
39 10 0.106811
39 11 0.116597
39 12 0.126133
39 13 0.135280
39 14 0.144092
39 15 0.152407
39 16 0.160289
39 17 0.167563
39 18 0.174298
39 19 0.180311
39 20 0.185684
39 21 0.190231
39 22 0.194047
39 23 0.196951
39 24 0.199058
39 25 0.200197
39 26 0.200500
39 27 0.199816
39 28 0.198296
39 29 0.195806
39 30 0.192515
39 31 0.188309
39 32 0.183367
39 33 0.177594
39 34 0.171172
39 35 0.164024
39 36 0.156327
39 37 0.148016
39 38 0.139261
39 39 0.130004
39 40 0.120400
39 41 0.110402
39 42 0.100143
39 43 0.089586
39 44 0.078843
39 45 0.067884
39 46 0.056799
39 47 0.045570
39 48 0.034264
39 49 0.022876
39 50 0.011451
40 1 0.009981
40 2 0.019941
40 3 0.029875
40 4 0.039742
40 5 0.049554
40 6 0.059249
40 7 0.068851
40 8 0.078280
40 9 0.087567
40 10 0.096614
40 11 0.105460
40 12 0.113986
40 13 0.122241
40 14 0.130087
40 15 0.137580
40 16 0.144566
40 17 0.151112
40 18 0.157053
40 19 0.162463
40 20 0.167174
40 21 0.171272
40 22 0.174589
40 23 0.177225
40 24 0.179020
40 25 0.180090
40 26 0.180286
40 27 0.179740
40 28 0.178320
40 29 0.176172
40 30 0.173182
40 31 0.169506
40 32 0.165046
40 33 0.159967
40 34 0.154184
40 35 0.147863
40 36 0.140932
40 37 0.133552
40 38 0.125660
40 39 0.117406
40 40 0.108738
40 41 0.099790
40 42 0.090518
40 43 0.081038
40 44 0.071316
40 45 0.061446
40 46 0.051405
40 47 0.041268
40 48 0.031022
40 49 0.020722
40 50 0.010370
41 1 0.008980
41 2 0.017947
41 3 0.026872
41 4 0.035758
41 5 0.044558
41 6 0.053286
41 7 0.061878
41 8 0.070359
41 9 0.078647
41 10 0.086776
41 11 0.094644
41 12 0.102296
41 13 0.109612
41 14 0.116644
41 15 0.123258
41 16 0.129514
41 17 0.135267
41 18 0.140585
41 19 0.145315
41 20 0.149536
41 21 0.153095
41 22 0.156080
41 23 0.158341
41 24 0.159981
41 25 0.160857
41 26 0.161087
41 27 0.160539
41 28 0.159343
41 29 0.157382
41 30 0.154797
41 31 0.151487
41 32 0.147598
41 33 0.143043
41 34 0.137973
41 35 0.132312
41 36 0.126208
41 37 0.119597
41 38 0.112620
41 39 0.105221
41 40 0.097530
41 41 0.089501
41 42 0.081247
41 43 0.072732
41 44 0.064051
41 45 0.055179
41 46 0.046192
41 47 0.037075
41 48 0.027886
41 49 0.018622
41 50 0.009323
42 1 0.008007
42 2 0.015994
42 3 0.023957
42 4 0.031860
42 5 0.039711
42 6 0.047459
42 7 0.055122
42 8 0.062633
42 9 0.070020
42 10 0.077198
42 11 0.084205
42 12 0.090941
42 13 0.097450
42 14 0.103619
42 15 0.109499
42 16 0.114965
42 17 0.120078
42 18 0.124703
42 19 0.128910
42 20 0.132561
42 21 0.135735
42 22 0.138294
42 23 0.140328
42 24 0.141705
42 25 0.142526
42 26 0.142666
42 27 0.142238
42 28 0.141130
42 29 0.139464
42 30 0.137139
42 31 0.134285
42 32 0.130815
42 33 0.126863
42 34 0.122352
42 35 0.117416
42 36 0.111990
42 37 0.106204
42 38 0.100001
42 39 0.093502
42 40 0.086660
42 41 0.079584
42 42 0.072237
42 43 0.064711
42 44 0.056979
42 45 0.049118
42 46 0.041109
42 47 0.033015
42 48 0.024825
42 49 0.016586
42 50 0.008301
43 1 0.007053
43 2 0.014095
43 3 0.021101
43 4 0.028071
43 5 0.034968
43 6 0.041801
43 7 0.048518
43 8 0.055141
43 9 0.061601
43 10 0.067927
43 11 0.074037
43 12 0.079970
43 13 0.085629
43 14 0.091059
43 15 0.096153
43 16 0.100964
43 17 0.105376
43 18 0.109449
43 19 0.113062
43 20 0.116283
43 21 0.118990
43 22 0.121261
43 23 0.122974
43 24 0.124217
43 25 0.124874
43 26 0.125044
43 27 0.124619
43 28 0.123705
43 29 0.122204
43 30 0.120232
43 31 0.117701
43 32 0.114729
43 33 0.111241
43 34 0.107357
43 35 0.103010
43 36 0.098319
43 37 0.093226
43 38 0.087844
43 39 0.082124
43 40 0.076169
43 41 0.069940
43 42 0.063527
43 43 0.056898
43 44 0.050132
43 45 0.043206
43 46 0.036183
43 47 0.029050
43 48 0.021856
43 49 0.014597
43 50 0.007309
44 1 0.006124
44 2 0.012232
44 3 0.018319
44 4 0.024357
44 5 0.030351
44 6 0.036259
44 7 0.042098
44 8 0.047812
44 9 0.053426
44 10 0.058871
44 11 0.064180
44 12 0.069273
44 13 0.074187
44 14 0.078835
44 15 0.083258
44 16 0.087362
44 17 0.091195
44 18 0.094654
44 19 0.097798
44 20 0.100519
44 21 0.102884
44 22 0.104784
44 23 0.106296
44 24 0.107314
44 25 0.107920
44 26 0.108018
44 27 0.107696
44 28 0.106865
44 29 0.105622
44 30 0.103884
44 31 0.101754
44 32 0.099159
44 33 0.096204
44 34 0.092824
44 35 0.089124
44 36 0.085049
44 37 0.080698
44 38 0.076025
44 39 0.071124
44 40 0.065954
44 41 0.060600
44 42 0.055032
44 43 0.049322
44 44 0.043446
44 45 0.037467
44 46 0.031368
44 47 0.025198
44 48 0.018951
44 49 0.012664
44 50 0.006339
45 1 0.005211
45 2 0.010413
45 3 0.015587
45 4 0.020732
45 5 0.025818
45 6 0.030855
45 7 0.035801
45 8 0.040673
45 9 0.045418
45 10 0.050061
45 11 0.054538
45 12 0.058879
45 13 0.063013
45 14 0.066975
45 15 0.070685
45 16 0.074184
45 17 0.077387
45 18 0.080341
45 19 0.082957
45 20 0.085287
45 21 0.087241
45 22 0.088879
45 23 0.090111
45 24 0.091006
45 25 0.091476
45 26 0.091595
45 27 0.091283
45 28 0.090621
45 29 0.089533
45 30 0.088106
45 31 0.086272
45 32 0.084120
45 33 0.081590
45 34 0.078772
45 35 0.075613
45 36 0.072202
45 37 0.068492
45 38 0.064568
45 39 0.060391
45 40 0.056038
45 41 0.051477
45 42 0.046776
45 43 0.041911
45 44 0.036941
45 45 0.031847
45 46 0.026678
45 47 0.021424
45 48 0.016121
45 49 0.010769
45 50 0.005393
46 1 0.004318
46 2 0.008623
46 3 0.012913
46 4 0.017165
46 5 0.021385
46 6 0.025542
46 7 0.029647
46 8 0.033660
46 9 0.037599
46 10 0.041416
46 11 0.045133
46 12 0.048693
46 13 0.052126
46 14 0.055367
46 15 0.058450
46 16 0.061304
46 17 0.063968
46 18 0.066368
46 19 0.068548
46 20 0.070431
46 21 0.072067
46 22 0.073380
46 23 0.074423
46 24 0.075123
46 25 0.075541
46 26 0.075605
46 27 0.075381
46 28 0.074803
46 29 0.073941
46 30 0.072736
46 31 0.071260
46 32 0.069459
46 33 0.067409
46 34 0.065061
46 35 0.062489
46 36 0.059653
46 37 0.056623
46 38 0.053364
46 39 0.049943
46 40 0.046330
46 41 0.042585
46 42 0.038685
46 43 0.034682
46 44 0.030559
46 45 0.026361
46 46 0.022075
46 47 0.017736
46 48 0.013341
46 49 0.008916
46 50 0.004463
47 1 0.003436
47 2 0.006865
47 3 0.010275
47 4 0.013665
47 5 0.017015
47 6 0.020330
47 7 0.023583
47 8 0.026786
47 9 0.029902
47 10 0.032949
47 11 0.035883
47 12 0.038727
47 13 0.041431
47 14 0.044021
47 15 0.046443
47 16 0.048726
47 17 0.050812
47 18 0.052736
47 19 0.054436
47 20 0.055950
47 21 0.057218
47 22 0.058281
47 23 0.059078
47 24 0.059658
47 25 0.059960
47 26 0.060037
47 27 0.059832
47 28 0.059401
47 29 0.058693
47 30 0.057765
47 31 0.056572
47 32 0.055172
47 33 0.053525
47 34 0.051689
47 35 0.049630
47 36 0.047405
47 37 0.044983
47 38 0.042419
47 39 0.039687
47 40 0.036837
47 41 0.033849
47 42 0.030767
47 43 0.027574
47 44 0.024310
47 45 0.020962
47 46 0.017563
47 47 0.014106
47 48 0.010616
47 49 0.007092
47 50 0.003552
48 1 0.002567
48 2 0.005127
48 3 0.007677
48 4 0.010205
48 5 0.012712
48 6 0.015180
48 7 0.017617
48 8 0.019997
48 9 0.022332
48 10 0.024593
48 11 0.026794
48 12 0.028900
48 13 0.030929
48 14 0.032843
48 15 0.034662
48 16 0.036344
48 17 0.037914
48 18 0.039327
48 19 0.040609
48 20 0.041716
48 21 0.042677
48 22 0.043447
48 23 0.044059
48 24 0.044469
48 25 0.044714
48 26 0.044750
48 27 0.044618
48 28 0.044277
48 29 0.043770
48 30 0.043061
48 31 0.042192
48 32 0.041132
48 33 0.039926
48 34 0.038542
48 35 0.037027
48 36 0.035355
48 37 0.033567
48 38 0.031643
48 39 0.029621
48 40 0.027485
48 41 0.025269
48 42 0.022960
48 43 0.020589
48 44 0.018145
48 45 0.015654
48 46 0.013111
48 47 0.010536
48 48 0.007926
48 49 0.005297
48 50 0.002652
49 1 0.001706
49 2 0.003409
49 3 0.005102
49 4 0.006785
49 5 0.008447
49 6 0.010092
49 7 0.011706
49 8 0.013293
49 9 0.014837
49 10 0.016346
49 11 0.017798
49 12 0.019205
49 13 0.020542
49 14 0.021822
49 15 0.023018
49 16 0.024144
49 17 0.025173
49 18 0.026121
49 19 0.026959
49 20 0.027704
49 21 0.028328
49 22 0.028851
49 23 0.029243
49 24 0.029528
49 25 0.029676
49 26 0.029713
49 27 0.029612
49 28 0.029399
49 29 0.029050
49 30 0.028593
49 31 0.028005
49 32 0.027315
49 33 0.026503
49 34 0.025598
49 35 0.024582
49 36 0.023484
49 37 0.022288
49 38 0.021022
49 39 0.019671
49 40 0.018262
49 41 0.016783
49 42 0.015258
49 43 0.013676
49 44 0.012059
49 45 0.010400
49 46 0.008715
49 47 0.007000
49 48 0.005268
49 49 0.003520
49 50 0.001763
50 1 0.000852
50 2 0.001701
50 3 0.002547
50 4 0.003386
50 5 0.004217
50 6 0.005036
50 7 0.005843
50 8 0.006632
50 9 0.007406
50 10 0.008155
50 11 0.008883
50 12 0.009580
50 13 0.010252
50 14 0.010885
50 15 0.011486
50 16 0.012042
50 17 0.012560
50 18 0.013027
50 19 0.013450
50 20 0.013815
50 21 0.014132
50 22 0.014386
50 23 0.014588
50 24 0.014723
50 25 0.014804
50 26 0.014815
50 27 0.014771
50 28 0.014659
50 29 0.014492
50 30 0.014257
50 31 0.013971
50 32 0.013621
50 33 0.013222
50 34 0.012765
50 35 0.012265
50 36 0.011712
50 37 0.011121
50 38 0.010485
50 39 0.009816
50 40 0.009109
50 41 0.008376
50 42 0.007611
50 43 0.006826
50 44 0.006016
50 45 0.005191
50 46 0.004348
50 47 0.003494
50 48 0.002629
50 49 0.001757
50 50 0.000879
