1 1 0.001054
1 2 0.002106
1 3 0.003154
1 4 0.004198
1 5 0.005234
1 6 0.006262
1 7 0.007278
1 8 0.008283
1 9 0.009272
1 10 0.010245
1 11 0.011196
1 12 0.012127
1 13 0.013032
1 14 0.013912
1 15 0.014760
1 16 0.015579
1 17 0.016361
1 18 0.017109
1 19 0.017815
1 20 0.018483
1 21 0.019106
1 22 0.019689
1 23 0.020224
1 24 0.020718
1 25 0.021162
1 26 0.021566
1 27 0.021921
1 28 0.022239
1 29 0.022510
1 30 0.022748
1 31 0.022944
1 32 0.023112
1 33 0.023244
1 34 0.023355
1 35 0.023437
1 36 0.023505
1 37 0.023552
1 38 0.023593
1 39 0.023620
1 40 0.023649
1 41 0.023670
1 42 0.023700
1 43 0.023728
1 44 0.023771
1 45 0.023816
1 46 0.023880
1 47 0.023949
1 48 0.024039
1 49 0.024136
1 50 0.024253
1 51 0.024376
1 52 0.024518
1 53 0.024664
1 54 0.024824
1 55 0.024983
1 56 0.025151
1 57 0.025311
1 58 0.025474
1 59 0.025621
1 60 0.025761
1 61 0.025878
1 62 0.025979
1 63 0.026048
1 64 0.026092
1 65 0.026096
1 66 0.026066
1 67 0.025987
1 68 0.025868
1 69 0.025695
1 70 0.025477
1 71 0.025200
1 72 0.024874
1 73 0.024489
1 74 0.024055
1 75 0.023562
1 76 0.023021
1 77 0.022425
1 78 0.021784
1 79 0.021093
1 80 0.020362
1 81 0.019588
1 82 0.018779
1 83 0.017934
1 84 0.017061
1 85 0.016157
1 86 0.015232
1 87 0.014284
1 88 0.013320
1 89 0.012337
1 90 0.011344
1 91 0.010338
1 92 0.009324
1 93 0.008301
1 94 0.007275
1 95 0.006242
1 96 0.005206
1 97 0.004168
1 98 0.003127
1 99 0.002085
1 100 0.001043
2 1 0.002109
2 2 0.004215
2 3 0.006315
2 4 0.008403
2 5 0.010479
2 6 0.012536
2 7 0.014574
2 8 0.016583
2 9 0.018566
2 10 0.020511
2 11 0.022420
2 12 0.024282
2 13 0.026099
2 14 0.027857
2 15 0.029561
2 16 0.031196
2 17 0.032768
2 18 0.034260
2 19 0.035681
2 20 0.037013
2 21 0.038268
2 22 0.039427
2 23 0.040505
2 24 0.041485
2 25 0.042382
2 26 0.043180
2 27 0.043900
2 28 0.044523
2 29 0.045074
2 30 0.045537
2 31 0.045937
2 32 0.046259
2 33 0.046531
2 34 0.046738
2 35 0.046910
2 36 0.047032
2 37 0.047134
2 38 0.047201
2 39 0.047263
2 40 0.047305
2 41 0.047357
2 42 0.047401
2 43 0.047468
2 44 0.047538
2 45 0.047640
2 46 0.047753
2 47 0.047904
2 48 0.048070
2 49 0.048277
2 50 0.048499
2 51 0.048760
2 52 0.049033
2 53 0.049339
2 54 0.049648
2 55 0.049982
2 56 0.050309
2 57 0.050646
2 58 0.050962
2 59 0.051273
2 60 0.051546
2 61 0.051796
2 62 0.051991
2 63 0.052145
2 64 0.052225
2 65 0.052247
2 66 0.052179
2 67 0.052036
2 68 0.051791
2 69 0.051457
2 70 0.051011
2 71 0.050468
2 72 0.049808
2 73 0.049047
2 74 0.048168
2 75 0.047190
2 76 0.046097
2 77 0.044911
2 78 0.043618
2 79 0.042241
2 80 0.040769
2 81 0.039223
2 82 0.037596
2 83 0.035908
2 84 0.034152
2 85 0.032347
2 86 0.030489
2 87 0.028594
2 88 0.026657
2 89 0.024694
2 90 0.022701
2 91 0.020690
2 92 0.018657
2 93 0.016613
2 94 0.014555
2 95 0.012490
2 96 0.010416
2 97 0.008339
2 98 0.006257
2 99 0.004173
2 100 0.002087
3 1 0.003169
3 2 0.006334
3 3 0.009487
3 4 0.012627
3 5 0.015744
3 6 0.018839
3 7 0.021897
3 8 0.024922
3 9 0.027898
3 10 0.030827
3 11 0.033693
3 12 0.036498
3 13 0.039224
3 14 0.041876
3 15 0.044432
3 16 0.046900
3 17 0.049255
3 18 0.051509
3 19 0.053635
3 20 0.055649
3 21 0.057524
3 22 0.059279
3 23 0.060886
3 24 0.062369
3 25 0.063701
3 26 0.064911
3 27 0.065973
3 28 0.066920
3 29 0.067726
3 30 0.068430
3 31 0.069008
3 32 0.069499
3 33 0.069883
3 34 0.070202
3 35 0.070434
3 36 0.070625
3 37 0.070751
3 38 0.070860
3 39 0.070927
3 40 0.070999
3 41 0.071051
3 42 0.071130
3 43 0.071205
3 44 0.071324
3 45 0.071454
3 46 0.071639
3 47 0.071845
3 48 0.072112
3 49 0.072404
3 50 0.072758
3 51 0.073133
3 52 0.073565
3 53 0.074010
3 54 0.074500
3 55 0.074989
3 56 0.075506
3 57 0.076002
3 58 0.076505
3 59 0.076963
3 60 0.077401
3 61 0.077770
3 62 0.078091
3 63 0.078315
3 64 0.078463
3 65 0.078488
3 66 0.078412
3 67 0.078189
3 68 0.077843
3 69 0.077332
3 70 0.076682
3 71 0.075855
3 72 0.074879
3 73 0.073724
3 74 0.072416
3 75 0.070932
3 76 0.069301
3 77 0.067503
3 78 0.065569
3 79 0.063484
3 80 0.061279
3 81 0.058941
3 82 0.056501
3 83 0.053949
3 84 0.051316
3 85 0.048591
3 86 0.045804
3 87 0.042945
3 88 0.040040
3 89 0.037082
3 90 0.034092
3 91 0.031063
3 92 0.028014
3 93 0.024940
3 94 0.021852
3 95 0.018748
3 96 0.015637
3 97 0.012516
3 98 0.009392
3 99 0.006263
3 100 0.003132
4 1 0.004235
4 2 0.008463
4 3 0.012680
4 4 0.016874
4 5 0.021044
4 6 0.025176
4 7 0.029271
4 8 0.033310
4 9 0.037297
4 10 0.041208
4 11 0.045050
4 12 0.048796
4 13 0.052453
4 14 0.055992
4 15 0.059424
4 16 0.062716
4 17 0.065881
4 18 0.068885
4 19 0.071744
4 20 0.074425
4 21 0.076947
4 22 0.079277
4 23 0.081440
4 24 0.083403
4 25 0.085197
4 26 0.086789
4 27 0.088220
4 28 0.089455
4 29 0.090542
4 30 0.091449
4 31 0.092227
4 32 0.092848
4 33 0.093366
4 34 0.093753
4 35 0.094068
4 36 0.094282
4 37 0.094456
4 38 0.094560
4 39 0.094657
4 40 0.094714
4 41 0.094794
4 42 0.094860
4 43 0.094975
4 44 0.095098
4 45 0.095289
4 46 0.095504
4 47 0.095801
4 48 0.096130
4 49 0.096545
4 50 0.096994
4 51 0.097526
4 52 0.098084
4 53 0.098712
4 54 0.099352
4 55 0.100044
4 56 0.100723
4 57 0.101427
4 58 0.102091
4 59 0.102746
4 60 0.103327
4 61 0.103863
4 62 0.104288
4 63 0.104630
4 64 0.104824
4 65 0.104898
4 66 0.104790
4 67 0.104530
4 68 0.104059
4 69 0.103409
4 70 0.102528
4 71 0.101450
4 72 0.100131
4 73 0.098607
4 74 0.096841
4 75 0.094873
4 76 0.092672
4 77 0.090280
4 78 0.087672
4 79 0.084892
4 80 0.081921
4 81 0.078801
4 82 0.075518
4 83 0.072111
4 84 0.068570
4 85 0.064933
4 86 0.061189
4 87 0.057373
4 88 0.053476
4 89 0.049528
4 90 0.045520
4 91 0.041480
4 92 0.037398
4 93 0.033296
4 94 0.029166
4 95 0.025026
4 96 0.020868
4 97 0.016705
4 98 0.012533
4 99 0.008358
4 100 0.004179
5 1 0.005309
5 2 0.010611
5 3 0.015894
5 4 0.021157
5 5 0.026382
5 6 0.031570
5 7 0.036701
5 8 0.041776
5 9 0.046770
5 10 0.051689
5 11 0.056502
5 12 0.061217
5 13 0.065799
5 14 0.070258
5 15 0.074556
5 16 0.078707
5 17 0.082668
5 18 0.086458
5 19 0.090033
5 20 0.093416
5 21 0.096564
5 22 0.099505
5 23 0.102196
5 24 0.104673
5 25 0.106894
5 26 0.108903
5 27 0.110660
5 28 0.112218
5 29 0.113537
5 30 0.114678
5 31 0.115605
5 32 0.116384
5 33 0.116980
5 34 0.117464
5 35 0.117802
5 36 0.118070
5 37 0.118231
5 38 0.118363
5 39 0.118428
5 40 0.118504
5 41 0.118550
5 42 0.118642
5 43 0.118735
5 44 0.118904
5 45 0.119099
5 46 0.119391
5 47 0.119723
5 48 0.120164
5 49 0.120653
5 50 0.121251
5 51 0.121892
5 52 0.122634
5 53 0.123404
5 54 0.124255
5 55 0.125110
5 56 0.126016
5 57 0.126893
5 58 0.127783
5 59 0.128604
5 60 0.129393
5 61 0.130067
5 62 0.130660
5 63 0.131092
5 64 0.131395
5 65 0.131489
5 66 0.131409
5 67 0.131080
5 68 0.130538
5 69 0.129716
5 70 0.128652
5 71 0.127287
5 72 0.125664
5 73 0.123733
5 74 0.121541
5 75 0.119047
5 76 0.116301
5 77 0.113271
5 78 0.110010
5 79 0.106492
5 80 0.102770
5 81 0.098825
5 82 0.094710
5 83 0.090408
5 84 0.085970
5 85 0.081381
5 86 0.076689
5 87 0.071882
5 88 0.067000
5 89 0.062032
5 90 0.057015
5 91 0.051937
5 92 0.046828
5 93 0.041679
5 94 0.036512
5 95 0.031320
5 96 0.026120
5 97 0.020904
5 98 0.015685
5 99 0.010458
5 100 0.005230
6 1 0.006393
6 2 0.012776
6 3 0.019142
6 4 0.025477
6 5 0.031777
6 6 0.038021
6 7 0.044212
6 8 0.050321
6 9 0.056354
6 10 0.062276
6 11 0.068095
6 12 0.073772
6 13 0.079317
6 14 0.084686
6 15 0.089892
6 16 0.094887
6 17 0.099689
6 18 0.104246
6 19 0.108582
6 20 0.112644
6 21 0.116462
6 22 0.119983
6 23 0.123246
6 24 0.126199
6 25 0.128890
6 26 0.131269
6 27 0.133394
6 28 0.135218
6 29 0.136809
6 30 0.138122
6 31 0.139234
6 32 0.140103
6 33 0.140813
6 34 0.141322
6 35 0.141720
6 36 0.141965
6 37 0.142151
6 38 0.142233
6 39 0.142307
6 40 0.142324
6 41 0.142380
6 42 0.142423
6 43 0.142544
6 44 0.142686
6 45 0.142938
6 46 0.143236
6 47 0.143664
6 48 0.144152
6 49 0.144777
6 50 0.145464
6 51 0.146284
6 52 0.147155
6 53 0.148140
6 54 0.149152
6 55 0.150249
6 56 0.151337
6 57 0.152468
6 58 0.153545
6 59 0.154613
6 60 0.155573
6 61 0.156468
6 62 0.157196
6 63 0.157797
6 64 0.158174
6 65 0.158365
6 66 0.158277
6 67 0.157950
6 68 0.157299
6 69 0.156366
6 70 0.155077
6 71 0.153478
6 72 0.151505
6 73 0.149211
6 74 0.146543
6 75 0.143559
6 76 0.140215
6 77 0.136575
6 78 0.132605
6 79 0.128370
6 80 0.123843
6 81 0.119089
6 82 0.114089
6 83 0.108904
6 84 0.103519
6 85 0.097990
6 86 0.092305
6 87 0.086516
6 88 0.080609
6 89 0.074631
6 90 0.068569
6 91 0.062462
6 92 0.056299
6 93 0.050109
6 94 0.043884
6 95 0.037645
6 96 0.031386
6 97 0.025121
6 98 0.018844
6 99 0.012566
6 100 0.006283
7 1 0.007488
7 2 0.014967
7 3 0.022422
7 4 0.029849
7 5 0.037226
7 6 0.044554
7 7 0.051804
7 8 0.058980
7 9 0.066047
7 10 0.073011
7 11 0.079829
7 12 0.086512
7 13 0.093011
7 14 0.099338
7 15 0.105439
7 16 0.111330
7 17 0.116954
7 18 0.122334
7 19 0.127406
7 20 0.132201
7 21 0.136658
7 22 0.140814
7 23 0.144607
7 24 0.148089
7 25 0.151198
7 26 0.153997
7 27 0.156428
7 28 0.158566
7 29 0.160358
7 30 0.161888
7 31 0.163107
7 32 0.164108
7 33 0.164846
7 34 0.165422
7 35 0.165790
7 36 0.166056
7 37 0.166174
7 38 0.166252
7 39 0.166241
7 40 0.166250
7 41 0.166224
7 42 0.166271
7 43 0.166331
7 44 0.166506
7 45 0.166730
7 46 0.167101
7 47 0.167544
7 48 0.168152
7 49 0.168840
7 50 0.169696
7 51 0.170626
7 52 0.171711
7 53 0.172850
7 54 0.174114
7 55 0.175398
7 56 0.176763
7 57 0.178098
7 58 0.179459
7 59 0.180731
7 60 0.181962
7 61 0.183035
7 62 0.183995
7 63 0.184727
7 64 0.185272
7 65 0.185520
7 66 0.185512
7 67 0.185144
7 68 0.184463
7 69 0.183374
7 70 0.181928
7 71 0.180043
7 72 0.177779
7 73 0.175065
7 74 0.171967
7 75 0.168430
7 76 0.164525
7 77 0.160210
7 78 0.155558
7 79 0.150539
7 80 0.145228
7 81 0.139600
7 82 0.133731
7 83 0.127601
7 84 0.121281
7 85 0.114756
7 86 0.108089
7 87 0.101266
7 88 0.094345
7 89 0.087313
7 90 0.080216
7 91 0.073044
7 92 0.065834
7 93 0.058575
7 94 0.051298
7 95 0.043992
7 96 0.036679
7 97 0.029349
7 98 0.022018
7 99 0.014679
7 100 0.007341
8 1 0.008597
8 2 0.017182
8 3 0.025746
8 4 0.034270
8 5 0.042752
8 6 0.051164
8 7 0.059508
8 8 0.067748
8 9 0.075891
8 10 0.083891
8 11 0.091757
8 12 0.099437
8 13 0.106943
8 14 0.114216
8 15 0.121270
8 16 0.128042
8 17 0.134551
8 18 0.140728
8 19 0.146601
8 20 0.152098
8 21 0.157257
8 22 0.162006
8 23 0.166393
8 24 0.170350
8 25 0.173938
8 26 0.177091
8 27 0.179885
8 28 0.182260
8 29 0.184305
8 30 0.185964
8 31 0.187339
8 32 0.188377
8 33 0.189191
8 34 0.189731
8 35 0.190116
8 36 0.190296
8 37 0.190395
8 38 0.190361
8 39 0.190319
8 40 0.190211
8 41 0.190162
8 42 0.190108
8 43 0.190171
8 44 0.190279
8 45 0.190547
8 46 0.190895
8 47 0.191433
8 48 0.192071
8 49 0.192910
8 50 0.193852
8 51 0.194989
8 52 0.196213
8 53 0.197608
8 54 0.199057
8 55 0.200635
8 56 0.202218
8 57 0.203871
8 58 0.205464
8 59 0.207054
8 60 0.208507
8 61 0.209876
8 62 0.211024
8 63 0.211999
8 64 0.212669
8 65 0.213080
8 66 0.213107
8 67 0.212797
8 68 0.212036
8 69 0.210877
8 70 0.209219
8 71 0.207122
8 72 0.204502
8 73 0.201427
8 74 0.197830
8 75 0.193787
8 76 0.189246
8 77 0.184290
8 78 0.178880
8 79 0.173103
8 80 0.166929
8 81 0.160447
8 82 0.153634
8 83 0.146574
8 84 0.139250
8 85 0.131740
8 86 0.124028
8 87 0.116184
8 88 0.108193
8 89 0.100117
8 90 0.091940
8 91 0.083712
8 92 0.075418
8 93 0.067100
8 94 0.058743
8 95 0.050376
8 96 0.041988
8 97 0.033599
8 98 0.025200
8 99 0.016802
8 100 0.008401
9 1 0.009720
9 2 0.019429
9 3 0.029110
9 4 0.038758
9 5 0.048347
9 6 0.057878
9 7 0.067315
9 8 0.076662
9 9 0.085876
9 10 0.094963
9 11 0.103870
9 12 0.112606
9 13 0.121109
9 14 0.129393
9 15 0.137386
9 16 0.145107
9 17 0.152479
9 18 0.159528
9 19 0.166172
9 20 0.172446
9 21 0.178267
9 22 0.183682
9 23 0.188610
9 24 0.193112
9 25 0.197112
9 26 0.200685
9 27 0.203762
9 28 0.206434
9 29 0.208638
9 30 0.210482
9 31 0.211907
9 32 0.213034
9 33 0.213810
9 34 0.214365
9 35 0.214647
9 36 0.214794
9 37 0.214751
9 38 0.214660
9 39 0.214462
9 40 0.214299
9 41 0.214105
9 42 0.214020
9 43 0.213968
9 44 0.214084
9 45 0.214285
9 46 0.214696
9 47 0.215223
9 48 0.215986
9 49 0.216879
9 50 0.218010
9 51 0.219264
9 52 0.220740
9 53 0.222312
9 54 0.224066
9 55 0.225869
9 56 0.227795
9 57 0.229703
9 58 0.231659
9 59 0.233513
9 60 0.235323
9 61 0.236937
9 62 0.238405
9 63 0.239577
9 64 0.240499
9 65 0.241026
9 66 0.241206
9 67 0.240902
9 68 0.240168
9 69 0.238880
9 70 0.237101
9 71 0.234725
9 72 0.231825
9 73 0.228314
9 74 0.224276
9 75 0.219644
9 76 0.214510
9 77 0.208826
9 78 0.202689
9 79 0.196064
9 80 0.189051
9 81 0.181626
9 82 0.173886
9 83 0.165812
9 84 0.157497
9 85 0.148926
9 86 0.140181
9 87 0.131248
9 88 0.122200
9 89 0.113022
9 90 0.103775
9 91 0.094444
9 92 0.085079
9 93 0.075663
9 94 0.066236
9 95 0.056781
9 96 0.047326
9 97 0.037859
9 98 0.028397
9 99 0.018929
9 100 0.009465
10 1 0.010859
10 2 0.021704
10 3 0.032527
10 4 0.043304
10 5 0.054034
10 6 0.064684
10 7 0.075257
10 8 0.085710
10 9 0.096047
10 10 0.106216
10 11 0.116224
10 12 0.126008
10 13 0.135578
10 14 0.144860
10 15 0.153869
10 16 0.162521
10 17 0.170839
10 18 0.178733
10 19 0.186233
10 20 0.193246
10 21 0.199813
10 22 0.205844
10 23 0.211394
10 24 0.216377
10 25 0.220864
10 26 0.224775
10 27 0.228203
10 28 0.231075
10 29 0.233502
10 30 0.235418
10 31 0.236951
10 32 0.238043
10 33 0.238836
10 34 0.239273
10 35 0.239507
10 36 0.239482
10 37 0.239355
10 38 0.239067
10 39 0.238777
10 40 0.238419
10 41 0.238151
10 42 0.237897
10 43 0.237811
10 44 0.237806
10 45 0.238028
10 46 0.238379
10 47 0.238997
10 48 0.239771
10 49 0.240827
10 50 0.242045
10 51 0.243537
10 52 0.245172
10 53 0.247050
10 54 0.249027
10 55 0.251192
10 56 0.253391
10 57 0.255700
10 58 0.257956
10 59 0.260224
10 60 0.262335
10 61 0.264345
10 62 0.266083
10 63 0.267599
10 64 0.268725
10 65 0.269508
10 66 0.269789
10 67 0.269620
10 68 0.268853
10 69 0.267549
10 70 0.265580
10 71 0.263018
10 72 0.259758
10 73 0.255885
10 74 0.251316
10 75 0.246150
10 76 0.240326
10 77 0.233952
10 78 0.226986
10 79 0.219540
10 80 0.211586
10 81 0.203237
10 82 0.194471
10 83 0.185399
10 84 0.176002
10 85 0.166382
10 86 0.156523
10 87 0.146513
10 88 0.136337
10 89 0.126070
10 90 0.115695
10 91 0.105274
10 92 0.094790
10 93 0.084289
10 94 0.073756
10 95 0.063224
10 96 0.052678
10 97 0.042140
10 98 0.031598
10 99 0.021065
10 100 0.010531
11 1 0.012014
11 2 0.024016
11 3 0.035989
11 4 0.047927
11 5 0.059801
11 6 0.071612
11 7 0.083320
11 8 0.094929
11 9 0.106387
11 10 0.117700
11 11 0.128804
11 12 0.139708
11 13 0.150335
11 14 0.160698
11 15 0.170708
11 16 0.180382
11 17 0.189623
11 18 0.198457
11 19 0.206780
11 20 0.214627
11 21 0.221896
11 22 0.228636
11 23 0.234747
11 24 0.240296
11 25 0.245191
11 26 0.249520
11 27 0.253201
11 28 0.256344
11 29 0.258876
11 30 0.260928
11 31 0.262437
11 32 0.263553
11 33 0.264217
11 34 0.264593
11 35 0.264626
11 36 0.264487
11 37 0.264119
11 38 0.263697
11 39 0.263159
11 40 0.262678
11 41 0.262182
11 42 0.261841
11 43 0.261572
11 44 0.261538
11 45 0.261641
11 46 0.262036
11 47 0.262613
11 48 0.263514
11 49 0.264614
11 50 0.266045
11 51 0.267668
11 52 0.269599
11 53 0.271688
11 54 0.274037
11 55 0.276482
11 56 0.279111
11 57 0.281750
11 58 0.284471
11 59 0.287091
11 60 0.289673
11 61 0.292025
11 62 0.294202
11 63 0.296012
11 64 0.297504
11 65 0.298493
11 66 0.299027
11 67 0.298934
11 68 0.298270
11 69 0.296883
11 70 0.294839
11 71 0.292010
11 72 0.288482
11 73 0.284151
11 74 0.279121
11 75 0.273315
11 76 0.266849
11 77 0.259672
11 78 0.251909
11 79 0.243526
11 80 0.234652
11 81 0.225264
11 82 0.215488
11 83 0.205309
11 84 0.194843
11 85 0.184077
11 86 0.173115
11 87 0.161943
11 88 0.150652
11 89 0.139225
11 90 0.127736
11 91 0.116167
11 92 0.104578
11 93 0.092948
11 94 0.081322
11 95 0.069681
11 96 0.058054
11 97 0.046426
11 98 0.034812
11 99 0.023201
11 100 0.011600
12 1 0.013187
12 2 0.026358
12 3 0.039509
12 4 0.052613
12 5 0.065669
12 6 0.078643
12 7 0.091536
12 8 0.104300
12 9 0.116940
12 10 0.129393
12 11 0.141668
12 12 0.153685
12 13 0.165456
12 14 0.176889
12 15 0.187996
12 16 0.198675
12 17 0.208943
12 18 0.218691
12 19 0.227943
12 20 0.236587
12 21 0.244663
12 22 0.252056
12 23 0.258827
12 24 0.264869
12 25 0.270263
12 26 0.274914
12 27 0.278928
12 28 0.282223
12 29 0.284931
12 30 0.286981
12 31 0.288528
12 32 0.289513
12 33 0.290107
12 34 0.290257
12 35 0.290147
12 36 0.289722
12 37 0.289175
12 38 0.288446
12 39 0.287727
12 40 0.286951
12 41 0.286306
12 42 0.285713
12 43 0.285353
12 44 0.285131
12 45 0.285220
12 46 0.285512
12 47 0.286165
12 48 0.287056
12 49 0.288332
12 50 0.289852
12 51 0.291749
12 52 0.293868
12 53 0.296325
12 54 0.298950
12 55 0.301844
12 56 0.304822
12 57 0.307968
12 58 0.311086
12 59 0.314244
12 60 0.317238
12 61 0.320122
12 62 0.322686
12 63 0.324977
12 64 0.326786
12 65 0.328157
12 66 0.328891
12 67 0.329036
12 68 0.328412
12 69 0.327079
12 70 0.324882
12 71 0.321899
12 72 0.318007
12 73 0.313305
12 74 0.307701
12 75 0.301314
12 76 0.294083
12 77 0.286142
12 78 0.277452
12 79 0.268155
12 80 0.258231
12 81 0.247819
12 82 0.236909
12 83 0.225634
12 84 0.213984
12 85 0.202082
12 86 0.189917
12 87 0.177595
12 88 0.165103
12 89 0.152529
12 90 0.139856
12 91 0.127155
12 92 0.114406
12 93 0.101663
12 94 0.088904
12 95 0.076168
12 96 0.063434
12 97 0.050725
12 98 0.038025
12 99 0.025343
12 100 0.012668
13 1 0.014374
13 2 0.028739
13 3 0.043075
13 4 0.057379
13 5 0.071621
13 6 0.085804
13 7 0.099881
13 8 0.113860
13 9 0.127680
13 10 0.141348
13 11 0.154788
13 12 0.168008
13 13 0.180915
13 14 0.193519
13 15 0.205712
13 16 0.217507
13 17 0.228784
13 18 0.239562
13 19 0.249716
13 20 0.259274
13 21 0.268111
13 22 0.276272
13 23 0.283637
13 24 0.290275
13 25 0.296078
13 26 0.301142
13 27 0.305374
13 28 0.308900
13 29 0.311643
13 30 0.313758
13 31 0.315183
13 32 0.316096
13 33 0.316443
13 34 0.316422
13 35 0.315982
13 36 0.315330
13 37 0.314413
13 38 0.313441
13 39 0.312354
13 40 0.311358
13 41 0.310380
13 42 0.309622
13 43 0.308994
13 44 0.308688
13 45 0.308598
13 46 0.308902
13 47 0.309479
13 48 0.310493
13 49 0.311805
13 50 0.313562
13 51 0.315609
13 52 0.318077
13 53 0.320793
13 54 0.323871
13 55 0.327120
13 56 0.330636
13 57 0.334213
13 58 0.337927
13 59 0.341562
13 60 0.345174
13 61 0.348538
13 62 0.351697
13 63 0.354423
13 64 0.356751
13 65 0.358457
13 66 0.359580
13 67 0.359907
13 68 0.359489
13 69 0.358139
13 70 0.355926
13 71 0.352698
13 72 0.348547
13 73 0.343360
13 74 0.337256
13 75 0.330159
13 76 0.322209
13 77 0.313360
13 78 0.303770
13 79 0.293414
13 80 0.282452
13 81 0.270875
13 82 0.258837
13 83 0.246333
13 84 0.233506
13 85 0.220350
13 86 0.206991
13 87 0.193418
13 88 0.179737
13 89 0.165933
13 90 0.152091
13 91 0.138191
13 92 0.124300
13 93 0.110393
13 94 0.096519
13 95 0.082653
13 96 0.068827
13 97 0.055017
13 98 0.041241
13 99 0.027480
13 100 0.013737
14 1 0.015581
14 2 0.031148
14 3 0.046699
14 4 0.062208
14 5 0.077677
14 6 0.093069
14 7 0.108387
14 8 0.123579
14 9 0.138651
14 10 0.153531
14 11 0.168225
14 12 0.182643
14 13 0.196790
14 14 0.210560
14 15 0.223956
14 16 0.236856
14 17 0.249269
14 18 0.261059
14 19 0.272244
14 20 0.282683
14 21 0.292409
14 22 0.301283
14 23 0.309362
14 24 0.316518
14 25 0.322834
14 26 0.328203
14 27 0.332741
14 28 0.336360
14 29 0.339212
14 30 0.341227
14 31 0.342589
14 32 0.343244
14 33 0.343398
14 34 0.343006
14 35 0.342290
14 36 0.341203
14 37 0.339976
14 38 0.338554
14 39 0.337166
14 40 0.335747
14 41 0.334520
14 42 0.333401
14 43 0.332604
14 44 0.332029
14 45 0.331874
14 46 0.332021
14 47 0.332653
14 48 0.333633
14 49 0.335128
14 50 0.336982
14 51 0.339344
14 52 0.342038
14 53 0.345194
14 54 0.348619
14 55 0.352421
14 56 0.356388
14 57 0.360607
14 58 0.364849
14 59 0.369181
14 60 0.373359
14 61 0.377430
14 62 0.381143
14 63 0.384530
14 64 0.387339
14 65 0.389597
14 66 0.391063
14 67 0.391770
14 68 0.391497
14 69 0.390298
14 70 0.387986
14 71 0.384642
14 72 0.380123
14 73 0.374544
14 74 0.367806
14 75 0.360054
14 76 0.351232
14 77 0.341507
14 78 0.330854
14 79 0.319450
14 80 0.307290
14 81 0.294549
14 82 0.281231
14 83 0.267500
14 84 0.253358
14 85 0.238953
14 86 0.224279
14 87 0.209464
14 88 0.194495
14 89 0.179474
14 90 0.164384
14 91 0.149303
14 92 0.134208
14 93 0.119158
14 94 0.104125
14 95 0.089149
14 96 0.074203
14 97 0.059309
14 98 0.044444
14 99 0.029614
14 100 0.014801
15 1 0.016800
15 2 0.033594
15 3 0.050365
15 4 0.067114
15 5 0.083811
15 6 0.100462
15 7 0.117020
15 8 0.133493
15 9 0.149814
15 10 0.165991
15 11 0.181937
15 12 0.197658
15 13 0.213044
15 14 0.228100
15 15 0.242697
15 16 0.256837
15 17 0.270376
15 18 0.283321
15 19 0.295517
15 20 0.306981
15 21 0.317558
15 22 0.327283
15 23 0.336010
15 24 0.343806
15 25 0.350540
15 26 0.356315
15 27 0.361028
15 28 0.364822
15 29 0.367617
15 30 0.369597
15 31 0.370704
15 32 0.371152
15 33 0.370901
15 34 0.370186
15 35 0.368969
15 36 0.367498
15 37 0.365733
15 38 0.363921
15 39 0.362010
15 40 0.360243
15 41 0.358550
15 42 0.357163
15 43 0.355993
15 44 0.355258
15 45 0.354848
15 46 0.354965
15 47 0.355478
15 48 0.356571
15 49 0.358093
15 50 0.360208
15 51 0.362746
15 52 0.365850
15 53 0.369327
15 54 0.373300
15 55 0.377556
15 56 0.382193
15 57 0.386976
15 58 0.391981
15 59 0.396953
15 60 0.401942
15 61 0.406680
15 62 0.411197
15 63 0.415215
15 64 0.418750
15 65 0.421530
15 66 0.423569
15 67 0.424611
15 68 0.424685
15 69 0.423568
15 70 0.421319
15 71 0.417760
15 72 0.412990
15 73 0.406885
15 74 0.399586
15 75 0.391020
15 76 0.381362
15 77 0.370583
15 78 0.358877
15 79 0.346243
15 80 0.332881
15 81 0.318802
15 82 0.304197
15 83 0.289078
15 84 0.273618
15 85 0.257822
15 86 0.241839
15 87 0.225663
15 88 0.209417
15 89 0.193085
15 90 0.176763
15 91 0.160429
15 92 0.144152
15 93 0.127906
15 94 0.111737
15 95 0.095616
15 96 0.079572
15 97 0.063574
15 98 0.047637
15 99 0.031732
15 100 0.015860
16 1 0.018035
16 2 0.036062
16 3 0.054081
16 4 0.072072
16 5 0.090040
16 6 0.107949
16 7 0.125807
16 8 0.143557
16 9 0.161209
16 10 0.178682
16 11 0.195982
16 12 0.213006
16 13 0.229753
16 14 0.246098
16 15 0.262036
16 16 0.277418
16 17 0.292238
16 18 0.306332
16 19 0.319699
16 20 0.332167
16 21 0.343751
16 22 0.354281
16 23 0.363800
16 24 0.372155
16 25 0.379427
16 26 0.385491
16 27 0.390474
16 28 0.394282
16 29 0.397091
16 30 0.398839
16 31 0.399742
16 32 0.399761
16 33 0.399145
16 34 0.397866
16 35 0.396190
16 36 0.394089
16 37 0.391835
16 38 0.389388
16 39 0.387017
16 40 0.384665
16 41 0.382588
16 42 0.380708
16 43 0.379266
16 44 0.378163
16 45 0.377620
16 46 0.377514
16 47 0.378050
16 48 0.379081
16 49 0.380791
16 50 0.383013
16 51 0.385909
16 52 0.389287
16 53 0.393288
16 54 0.397699
16 55 0.402631
16 56 0.407850
16 57 0.413441
16 58 0.419145
16 59 0.425016
16 60 0.430776
16 61 0.436453
16 62 0.441749
16 63 0.446673
16 64 0.450918
16 65 0.454484
16 66 0.457073
16 67 0.458690
16 68 0.459065
16 69 0.458229
16 70 0.455961
16 71 0.452335
16 72 0.447191
16 73 0.440654
16 74 0.432631
16 75 0.423296
16 76 0.412613
16 77 0.400790
16 78 0.387829
16 79 0.373955
16 80 0.359190
16 81 0.343756
16 82 0.327678
16 83 0.311157
16 84 0.294214
16 85 0.277023
16 86 0.259590
16 87 0.242060
16 88 0.224424
16 89 0.206795
16 90 0.189156
16 91 0.171589
16 92 0.154067
16 93 0.136649
16 94 0.119301
16 95 0.102061
16 96 0.084893
16 97 0.067816
16 98 0.050796
16 99 0.033836
16 100 0.016908
17 1 0.019279
17 2 0.038558
17 3 0.057827
17 4 0.077092
17 5 0.096328
17 6 0.115546
17 7 0.134701
17 8 0.153802
17 9 0.172781
17 10 0.191646
17 11 0.210302
17 12 0.228749
17 13 0.246865
17 14 0.264642
17 15 0.281931
17 16 0.298716
17 17 0.314826
17 18 0.330244
17 19 0.344781
17 20 0.358429
17 21 0.370997
17 22 0.382498
17 23 0.392753
17 24 0.401812
17 25 0.409523
17 26 0.415988
17 27 0.421093
17 28 0.424997
17 29 0.427627
17 30 0.429195
17 31 0.429664
17 32 0.429289
17 33 0.428053
17 34 0.426239
17 35 0.423837
17 36 0.421140
17 37 0.418129
17 38 0.415097
17 39 0.412005
17 40 0.409136
17 41 0.406428
17 42 0.404146
17 43 0.402203
17 44 0.400843
17 45 0.399954
17 46 0.399761
17 47 0.400126
17 48 0.401253
17 49 0.402979
17 50 0.405486
17 51 0.408588
17 52 0.412443
17 53 0.416841
17 54 0.421911
17 55 0.427420
17 56 0.433468
17 57 0.439794
17 58 0.446465
17 59 0.453192
17 60 0.460011
17 61 0.466607
17 62 0.472983
17 63 0.478809
17 64 0.484064
17 65 0.488415
17 66 0.491836
17 67 0.494009
17 68 0.494930
17 69 0.494322
17 70 0.492224
17 71 0.488427
17 72 0.483031
17 73 0.475908
17 74 0.467222
17 75 0.456922
17 76 0.445224
17 77 0.432133
17 78 0.417898
17 79 0.402556
17 80 0.386359
17 81 0.369353
17 82 0.351773
17 83 0.333659
17 84 0.315216
17 85 0.296466
17 86 0.277580
17 87 0.258562
17 88 0.239545
17 89 0.220518
17 90 0.201580
17 91 0.182704
17 92 0.163964
17 93 0.145322
17 94 0.126826
17 95 0.108434
17 96 0.090173
17 97 0.072001
17 98 0.053926
17 99 0.035910
17 100 0.017944
18 1 0.020533
18 2 0.041065
18 3 0.061606
18 4 0.082142
18 5 0.102687
18 6 0.123208
18 7 0.143720
18 8 0.164168
18 9 0.184562
18 10 0.204820
18 11 0.224945
18 12 0.244824
18 13 0.264449
18 14 0.283674
18 15 0.302480
18 16 0.320691
18 17 0.338277
18 18 0.355036
18 19 0.370940
18 20 0.385772
18 21 0.399517
18 22 0.411962
18 23 0.423125
18 24 0.432816
18 25 0.441105
18 26 0.447845
18 27 0.453170
18 28 0.456987
18 29 0.459495
18 30 0.460652
18 31 0.460715
18 32 0.459677
18 33 0.457837
18 34 0.455201
18 35 0.452089
18 36 0.448504
18 37 0.444767
18 38 0.440864
18 39 0.437104
18 40 0.433447
18 41 0.430184
18 42 0.427246
18 43 0.424901
18 44 0.423052
18 45 0.421944
18 46 0.421451
18 47 0.421795
18 48 0.422825
18 49 0.424740
18 50 0.427363
18 51 0.430869
18 52 0.435056
18 53 0.440071
18 54 0.445685
18 55 0.452017
18 56 0.458809
18 57 0.466142
18 58 0.473728
18 59 0.481610
18 60 0.489468
18 61 0.497304
18 62 0.504767
18 63 0.511828
18 64 0.518115
18 65 0.523577
18 66 0.527845
18 67 0.530872
18 68 0.532322
18 69 0.532182
18 70 0.530184
18 71 0.526382
18 72 0.520599
18 73 0.512974
18 74 0.503429
18 75 0.492178
18 76 0.479226
18 77 0.464840
18 78 0.449075
18 79 0.432216
18 80 0.414336
18 81 0.395710
18 82 0.376404
18 83 0.356660
18 84 0.336524
18 85 0.316198
18 86 0.295702
18 87 0.275197
18 88 0.254679
18 89 0.234267
18 90 0.213941
18 91 0.193784
18 92 0.173762
18 93 0.153930
18 94 0.134245
18 95 0.114738
18 96 0.095363
18 97 0.076130
18 98 0.056995
18 99 0.037952
18 100 0.018960
19 1 0.021787
19 2 0.043585
19 3 0.065392
19 4 0.087226
19 5 0.109070
19 6 0.130943
19 7 0.152804
19 8 0.174672
19 9 0.196478
19 10 0.218232
19 11 0.239834
19 12 0.261279
19 13 0.282432
19 14 0.303272
19 15 0.323626
19 16 0.343456
19 17 0.362554
19 18 0.380870
19 19 0.398170
19 20 0.414406
19 21 0.429335
19 22 0.442931
19 23 0.454967
19 24 0.465463
19 25 0.474235
19 26 0.481374
19 27 0.486756
19 28 0.490556
19 29 0.492715
19 30 0.493488
19 31 0.492869
19 32 0.491169
19 33 0.488417
19 34 0.484954
19 35 0.480814
19 36 0.476348
19 37 0.471571
19 38 0.466825
19 39 0.462098
19 40 0.457710
19 41 0.453614
19 42 0.450105
19 43 0.447104
19 44 0.444879
19 45 0.443319
19 46 0.442665
19 47 0.442779
19 48 0.443877
19 49 0.445794
19 50 0.448723
19 51 0.452470
19 52 0.457203
19 53 0.462701
19 54 0.469102
19 55 0.476155
19 56 0.483961
19 57 0.492237
19 58 0.501041
19 59 0.510053
19 60 0.519284
19 61 0.528372
19 62 0.537283
19 63 0.545619
19 64 0.553307
19 65 0.559931
19 66 0.565400
19 67 0.569312
19 68 0.571594
19 69 0.571901
19 70 0.570224
19 71 0.566317
19 72 0.560271
19 73 0.551961
19 74 0.541586
19 75 0.529136
19 76 0.514894
19 77 0.498927
19 78 0.481560
19 79 0.462897
19 80 0.443260
19 81 0.422749
19 82 0.401655
19 83 0.380053
19 84 0.358187
19 85 0.336100
19 86 0.313983
19 87 0.291846
19 88 0.269835
19 89 0.247933
19 90 0.226243
19 91 0.204730
19 92 0.183461
19 93 0.162391
19 94 0.141558
19 95 0.120910
19 96 0.100462
19 97 0.080161
19 98 0.060005
19 99 0.039942
19 100 0.019955
20 1 0.023041
20 2 0.046095
20 3 0.069183
20 4 0.092301
20 5 0.115478
20 6 0.138689
20 7 0.161959
20 8 0.185238
20 9 0.208545
20 10 0.231797
20 11 0.254997
20 12 0.278026
20 13 0.300867
20 14 0.323356
20 15 0.345454
20 16 0.366953
20 17 0.387791
20 18 0.407719
20 19 0.426662
20 20 0.444347
20 21 0.460704
20 22 0.475461
20 23 0.488583
20 24 0.499834
20 25 0.509250
20 26 0.516659
20 27 0.522192
20 28 0.525765
20 29 0.527608
20 30 0.527715
20 31 0.526402
20 32 0.523715
20 33 0.520021
20 34 0.515385
20 35 0.510194
20 36 0.504502
20 37 0.498685
20 38 0.492768
20 39 0.487105
20 40 0.481679
20 41 0.476816
20 42 0.472457
20 43 0.468898
20 44 0.466043
20 45 0.464157
20 46 0.463113
20 47 0.463150
20 48 0.464112
20 49 0.466211
20 50 0.469264
20 51 0.473458
20 52 0.478584
20 53 0.484800
20 54 0.491866
20 55 0.499904
20 56 0.508643
20 57 0.518162
20 58 0.528148
20 59 0.538628
20 60 0.549242
20 61 0.559960
20 62 0.570372
20 63 0.580389
20 64 0.589562
20 65 0.597758
20 66 0.604512
20 67 0.609684
20 68 0.612841
20 69 0.613891
20 70 0.612494
20 71 0.608665
20 72 0.602206
20 73 0.593272
20 74 0.581819
20 75 0.568131
20 76 0.552285
20 77 0.534642
20 78 0.515343
20 79 0.494765
20 80 0.473057
20 81 0.450566
20 82 0.427413
20 83 0.403889
20 84 0.380072
20 85 0.356192
20 86 0.332282
20 87 0.308513
20 88 0.284882
20 89 0.261510
20 90 0.238368
20 91 0.215534
20 92 0.192962
20 93 0.170698
20 94 0.148686
20 95 0.126944
20 96 0.105413
20 97 0.084091
20 98 0.062920
20 99 0.041880
20 100 0.020917
21 1 0.024284
21 2 0.048593
21 3 0.072942
21 4 0.097364
21 5 0.121852
21 6 0.146442
21 7 0.171104
21 8 0.195866
21 9 0.220667
21 10 0.245523
21 11 0.270333
21 12 0.295092
21 13 0.319653
21 14 0.343983
21 15 0.367882
21 16 0.391284
21 17 0.413937
21 18 0.435745
21 19 0.456412
21 20 0.475826
21 21 0.493672
21 22 0.509853
21 23 0.524071
21 24 0.536289
21 25 0.546271
21 26 0.554084
21 27 0.559591
21 28 0.562984
21 29 0.564238
21 30 0.563661
21 31 0.561311
21 32 0.557580
21 33 0.552567
21 34 0.546699
21 35 0.540076
21 36 0.533120
21 37 0.525899
21 38 0.518809
21 39 0.511874
21 40 0.505450
21 41 0.499512
21 42 0.494381
21 43 0.489986
21 44 0.486613
21 45 0.484153
21 46 0.482862
21 47 0.482598
21 48 0.483592
21 49 0.485673
21 50 0.489046
21 51 0.493515
21 52 0.499257
21 53 0.506048
21 54 0.514033
21 55 0.522954
21 56 0.532916
21 57 0.543621
21 58 0.555121
21 59 0.567068
21 60 0.579448
21 61 0.591853
21 62 0.604195
21 63 0.616004
21 64 0.627122
21 65 0.637028
21 66 0.645520
21 67 0.652072
21 68 0.656495
21 69 0.658329
21 70 0.657482
21 71 0.653644
21 72 0.646887
21 73 0.637101
21 74 0.624543
21 75 0.609283
21 76 0.591713
21 77 0.572013
21 78 0.550627
21 79 0.527763
21 80 0.503843
21 81 0.479046
21 82 0.453731
21 83 0.428020
21 84 0.402193
21 85 0.376315
21 86 0.350593
21 87 0.325042
21 88 0.299804
21 89 0.274858
21 90 0.250299
21 91 0.226078
21 92 0.202250
21 93 0.178755
21 94 0.155617
21 95 0.132768
21 96 0.110209
21 97 0.087871
21 98 0.065736
21 99 0.043739
21 100 0.021846
22 1 0.025511
22 2 0.051052
22 3 0.076663
22 4 0.102358
22 5 0.128181
22 6 0.154124
22 7 0.180228
22 8 0.206455
22 9 0.232835
22 10 0.259295
22 11 0.285842
22 12 0.312356
22 13 0.338815
22 14 0.365041
22 15 0.390971
22 16 0.416364
22 17 0.441113
22 18 0.464912
22 19 0.487618
22 20 0.508875
22 21 0.528527
22 22 0.546210
22 23 0.561800
22 24 0.574979
22 25 0.585721
22 26 0.593814
22 27 0.599379
22 28 0.602345
22 29 0.602992
22 30 0.601379
22 31 0.597911
22 32 0.592726
22 33 0.586294
22 34 0.578769
22 35 0.570630
22 36 0.562002
22 37 0.553334
22 38 0.544697
22 39 0.536493
22 40 0.528734
22 41 0.521774
22 42 0.515570
22 43 0.510432
22 44 0.506271
22 45 0.503364
22 46 0.501583
22 47 0.501175
22 48 0.501984
22 49 0.504231
22 50 0.507733
22 51 0.512686
22 52 0.518882
22 53 0.526487
22 54 0.535263
22 55 0.545341
22 56 0.556445
22 57 0.568656
22 58 0.581648
22 59 0.595437
22 60 0.609629
22 61 0.624159
22 62 0.638553
22 63 0.652649
22 64 0.665893
22 65 0.678036
22 66 0.688468
22 67 0.696899
22 68 0.702736
22 69 0.705745
22 70 0.705462
22 71 0.701822
22 72 0.694597
22 73 0.683968
22 74 0.669968
22 75 0.652995
22 76 0.633270
22 77 0.611305
22 78 0.587388
22 79 0.562035
22 80 0.535506
22 81 0.508246
22 82 0.480445
22 83 0.452448
22 84 0.424365
22 85 0.396447
22 86 0.368735
22 87 0.341402
22 88 0.314435
22 89 0.287947
22 90 0.261892
22 91 0.236334
22 92 0.211207
22 93 0.186541
22 94 0.162260
22 95 0.138367
22 96 0.114784
22 97 0.091491
22 98 0.068413
22 99 0.045515
22 100 0.022727
23 1 0.026709
23 2 0.053464
23 3 0.080301
23 4 0.107271
23 5 0.134391
23 6 0.161713
23 7 0.189228
23 8 0.216980
23 9 0.244925
23 10 0.273090
23 11 0.301385
23 12 0.329808
23 13 0.358211
23 14 0.386547
23 15 0.414598
23 16 0.442262
23 17 0.469239
23 18 0.495368
23 19 0.520272
23 20 0.543742
23 21 0.565353
23 22 0.584891
23 23 0.601940
23 24 0.616357
23 25 0.627821
23 26 0.636342
23 27 0.641766
23 28 0.644310
23 29 0.644006
23 30 0.641256
23 31 0.636229
23 32 0.629440
23 33 0.621112
23 34 0.611789
23 35 0.601672
23 36 0.591275
23 37 0.580737
23 38 0.570514
23 39 0.560668
23 40 0.551592
23 41 0.543281
23 42 0.536072
23 43 0.529901
23 44 0.525063
23 45 0.521449
23 46 0.519321
23 47 0.518537
23 48 0.519332
23 49 0.521535
23 50 0.525361
23 51 0.530616
23 52 0.537487
23 53 0.545755
23 54 0.555578
23 55 0.566703
23 56 0.579247
23 57 0.592911
23 58 0.607749
23 59 0.623401
23 60 0.639834
23 61 0.656600
23 62 0.673557
23 63 0.690146
23 64 0.706101
23 65 0.720755
23 66 0.733736
23 67 0.744319
23 68 0.752111
23 69 0.756453
23 70 0.757086
23 71 0.753585
23 72 0.745983
23 73 0.734207
23 74 0.718622
23 75 0.699460
23 76 0.677308
23 77 0.652548
23 78 0.625813
23 79 0.597481
23 80 0.568110
23 81 0.537987
23 82 0.507546
23 83 0.476962
23 84 0.446546
23 85 0.416374
23 86 0.386655
23 87 0.357396
23 88 0.328726
23 89 0.300604
23 90 0.273105
23 91 0.246159
23 92 0.219799
23 93 0.193942
23 94 0.168591
23 95 0.143658
23 96 0.119122
23 97 0.094897
23 98 0.070944
23 99 0.047182
23 100 0.023559
24 1 0.027871
24 2 0.055796
24 3 0.083838
24 4 0.112035
24 5 0.140454
24 6 0.169111
24 7 0.198069
24 8 0.227313
24 9 0.256895
24 10 0.286756
24 11 0.316923
24 12 0.347282
24 13 0.377816
24 14 0.408340
24 15 0.438776
24 16 0.468847
24 17 0.498397
24 18 0.527049
24 19 0.554563
24 20 0.580469
24 21 0.604474
24 22 0.626061
24 23 0.644954
24 24 0.660689
24 25 0.673123
24 26 0.681966
24 27 0.687313
24 28 0.689124
24 29 0.687763
24 30 0.683410
24 31 0.676621
24 32 0.667694
24 33 0.657255
24 34 0.645603
24 35 0.633338
24 36 0.620690
24 37 0.608184
24 38 0.595953
24 39 0.584441
24 40 0.573687
24 41 0.564064
24 42 0.555537
24 43 0.548423
24 44 0.542631
24 45 0.538440
24 46 0.535718
24 47 0.534714
24 48 0.535270
24 49 0.537613
24 50 0.541562
24 51 0.547323
24 52 0.554695
24 53 0.563859
24 54 0.574590
24 55 0.587034
24 56 0.600928
24 57 0.616369
24 58 0.633037
24 59 0.650952
24 60 0.669707
24 61 0.689207
24 62 0.708927
24 63 0.728620
24 64 0.747608
24 65 0.765475
24 66 0.781401
24 67 0.794843
24 68 0.804936
24 69 0.811168
24 70 0.812842
24 71 0.809730
24 72 0.801544
24 73 0.788521
24 74 0.770851
24 75 0.749166
24 76 0.723954
24 77 0.695999
24 78 0.665835
24 79 0.634183
24 80 0.601467
24 81 0.568247
24 82 0.534792
24 83 0.501493
24 84 0.468482
24 85 0.436014
24 86 0.404117
24 87 0.372947
24 88 0.342468
24 89 0.312766
24 90 0.283766
24 91 0.255505
24 92 0.227889
24 93 0.200924
24 94 0.174506
24 95 0.148615
24 96 0.123151
24 97 0.098073
24 98 0.073285
24 99 0.048733
24 100 0.024327
25 1 0.028980
25 2 0.058033
25 3 0.087221
25 4 0.116622
25 5 0.146280
25 6 0.176275
25 7 0.206624
25 8 0.237401
25 9 0.268585
25 10 0.300230
25 11 0.332268
25 12 0.364714
25 13 0.397431
25 14 0.430377
25 15 0.463318
25 16 0.496128
25 17 0.528455
25 18 0.560061
25 19 0.590463
25 20 0.619312
25 21 0.646013
25 22 0.670157
25 23 0.691125
25 24 0.708573
25 25 0.722017
25 26 0.731354
25 27 0.736396
25 28 0.737398
25 29 0.734510
25 30 0.728304
25 31 0.719152
25 32 0.707781
25 33 0.694612
25 34 0.680365
25 35 0.665390
25 36 0.650312
25 37 0.635357
25 38 0.621037
25 39 0.607455
25 40 0.595026
25 41 0.583751
25 42 0.573973
25 43 0.565623
25 44 0.558991
25 45 0.553961
25 46 0.550791
25 47 0.549332
25 48 0.549820
25 49 0.552086
25 50 0.556348
25 51 0.562421
25 52 0.570506
25 53 0.580399
25 54 0.592278
25 55 0.605913
25 56 0.621445
25 57 0.638600
25 58 0.657453
25 59 0.677661
25 60 0.699195
25 61 0.721594
25 62 0.744673
25 63 0.767798
25 64 0.790571
25 65 0.812138
25 66 0.831868
25 67 0.848718
25 68 0.861922
25 69 0.870442
25 70 0.873671
25 71 0.870948
25 72 0.862213
25 73 0.847481
25 74 0.827350
25 75 0.802398
25 76 0.773583
25 77 0.741658
25 78 0.707570
25 79 0.671948
25 80 0.635536
25 81 0.598742
25 82 0.562072
25 83 0.525737
25 84 0.490051
25 85 0.455081
25 86 0.421008
25 87 0.387807
25 88 0.355573
25 89 0.324226
25 90 0.293805
25 91 0.264205
25 92 0.235428
25 93 0.207358
25 94 0.179970
25 95 0.153148
25 96 0.126848
25 97 0.100960
25 98 0.075424
25 99 0.050137
25 100 0.025027
26 1 0.030027
26 2 0.060137
26 3 0.090423
26 4 0.120953
26 5 0.151825
26 6 0.183086
26 7 0.214832
26 8 0.247080
26 9 0.279914
26 10 0.313312
26 11 0.347326
26 12 0.381875
26 13 0.416962
26 14 0.452416
26 15 0.488157
26 16 0.523891
26 17 0.559416
26 18 0.594277
26 19 0.628117
26 20 0.660303
26 21 0.690328
26 22 0.717430
26 23 0.741053
26 24 0.760462
26 25 0.775274
26 26 0.785039
26 27 0.789794
26 28 0.789562
26 29 0.784870
26 30 0.776143
26 31 0.764215
26 32 0.749665
26 33 0.733373
26 34 0.715857
26 35 0.697886
26 36 0.679813
26 37 0.662251
26 38 0.645385
26 39 0.629687
26 40 0.615210
26 41 0.602322
26 42 0.590982
26 43 0.581492
26 44 0.573750
26 45 0.568017
26 46 0.564154
26 47 0.562400
26 48 0.562593
26 49 0.564960
26 50 0.569324
26 51 0.575902
26 52 0.584508
26 53 0.595344
26 54 0.608210
26 55 0.623284
26 56 0.640339
26 57 0.659509
26 58 0.680515
26 59 0.703411
26 60 0.727819
26 61 0.753655
26 62 0.780374
26 63 0.807668
26 64 0.834739
26 65 0.860961
26 66 0.885214
26 67 0.906546
26 68 0.923593
26 69 0.935296
26 70 0.940451
26 71 0.938452
26 72 0.928879
26 73 0.912097
26 74 0.888672
26 75 0.859735
26 76 0.826323
26 77 0.789709
26 78 0.750837
26 79 0.710719
26 80 0.669986
26 81 0.629310
26 82 0.589018
26 83 0.549512
26 84 0.510905
26 85 0.473415
26 86 0.437029
26 87 0.401848
26 88 0.367789
26 89 0.334887
26 90 0.303023
26 91 0.272191
26 92 0.242260
26 93 0.213196
26 94 0.184867
26 95 0.157223
26 96 0.130134
26 97 0.103538
26 98 0.077314
26 99 0.051385
26 100 0.025643
27 1 0.030991
27 2 0.062087
27 3 0.093381
27 4 0.124987
27 5 0.156981
27 6 0.189479
27 7 0.222536
27 8 0.256263
27 9 0.290681
27 10 0.325886
27 11 0.361850
27 12 0.398630
27 13 0.436125
27 14 0.474320
27 15 0.513001
27 16 0.552035
27 17 0.591040
27 18 0.629705
27 19 0.667425
27 20 0.703661
27 21 0.737568
27 22 0.768409
27 23 0.795195
27 24 0.817194
27 25 0.833576
27 26 0.843995
27 27 0.848178
27 28 0.846467
27 29 0.839263
27 30 0.827484
27 31 0.811899
27 32 0.793606
27 33 0.773359
27 34 0.752137
27 35 0.730483
27 36 0.709152
27 37 0.688449
27 38 0.668926
27 39 0.650700
27 40 0.634177
27 41 0.619346
27 42 0.606523
27 43 0.595615
27 44 0.586888
27 45 0.580204
27 46 0.575802
27 47 0.573522
27 48 0.573590
27 49 0.575836
27 50 0.580483
27 51 0.587357
27 52 0.596674
27 53 0.608260
27 54 0.622322
27 55 0.638673
27 56 0.657498
27 57 0.678583
27 58 0.702059
27 59 0.727647
27 60 0.755375
27 61 0.784830
27 62 0.815845
27 63 0.847762
27 64 0.880082
27 65 0.911752
27 66 0.941793
27 67 0.968658
27 68 0.990900
27 69 1.006700
27 70 1.014660
27 71 1.013530
27 72 1.003014
27 73 0.983358
27 74 0.955749
27 75 0.921548
27 76 0.882496
27 77 0.840019
27 78 0.795565
27 79 0.750107
27 80 0.704581
27 81 0.659493
27 82 0.615367
27 83 0.572387
27 84 0.530814
27 85 0.490647
27 86 0.451996
27 87 0.414767
27 88 0.378984
27 89 0.344510
27 90 0.311325
27 91 0.279277
27 92 0.248320
27 93 0.218300
27 94 0.189157
27 95 0.160742
27 96 0.132983
27 97 0.105744
27 98 0.078940
27 99 0.052448
27 100 0.026172
28 1 0.031861
28 2 0.063839
28 3 0.096062
28 4 0.128633
28 5 0.161688
28 6 0.195314
28 7 0.229648
28 8 0.264754
28 9 0.300761
28 10 0.337701
28 11 0.375679
28 12 0.414669
28 13 0.454728
28 14 0.495737
28 15 0.537653
28 16 0.580206
28 17 0.623182
28 18 0.666077
28 19 0.708410
28 20 0.749351
28 21 0.788085
28 22 0.823442
28 23 0.854354
28 24 0.879541
28 25 0.898091
28 26 0.909188
28 27 0.912721
28 28 0.908864
28 29 0.898515
28 30 0.882631
28 31 0.862593
28 32 0.839500
28 33 0.814642
28 34 0.788850
28 35 0.763095
28 36 0.737862
28 37 0.713818
28 38 0.691169
28 39 0.670373
28 40 0.651453
28 41 0.634738
28 42 0.620147
28 43 0.607941
28 44 0.597982
28 45 0.590498
28 46 0.585328
28 47 0.582688
28 48 0.582408
28 49 0.584706
28 50 0.589415
28 51 0.596758
28 52 0.606573
28 53 0.619087
28 54 0.634145
28 55 0.651969
28 56 0.672398
28 57 0.695636
28 58 0.721490
28 59 0.750103
28 60 0.781203
28 61 0.814792
28 62 0.850413
28 63 0.887784
28 64 0.926075
28 65 0.964486
28 66 1.001547
28 67 1.035687
28 68 1.064651
28 69 1.086221
28 70 1.097961
28 71 1.098254
28 72 1.086288
28 73 1.062818
28 74 1.029417
28 75 0.988445
28 76 0.942094
28 77 0.892526
28 78 0.841297
28 79 0.789769
28 80 0.738737
28 81 0.688908
28 82 0.640569
28 83 0.594032
28 84 0.549315
28 85 0.506523
28 86 0.465543
28 87 0.426381
28 88 0.388870
28 89 0.352968
28 90 0.318492
28 91 0.285377
28 92 0.253443
28 93 0.222613
28 94 0.192717
28 95 0.163669
28 96 0.135313
28 97 0.107557
28 98 0.080257
28 99 0.053314
28 100 0.026598
29 1 0.032614
29 2 0.065368
29 3 0.098394
29 4 0.131840
29 5 0.165825
29 6 0.200507
29 7 0.235988
29 8 0.272429
29 9 0.309909
29 10 0.348583
29 11 0.388494
29 12 0.429767
29 13 0.472381
29 14 0.516393
29 15 0.561666
29 16 0.608119
29 17 0.655406
29 18 0.703193
29 19 0.750788
29 20 0.797446
29 21 0.841980
29 22 0.883134
29 23 0.919240
29 24 0.948755
29 25 0.970061
29 26 0.982192
29 27 0.984657
29 28 0.978020
29 29 0.963303
29 30 0.942217
29 31 0.916344
29 32 0.887464
29 33 0.856858
29 34 0.825847
29 35 0.795186
29 36 0.765721
29 37 0.737790
29 38 0.711915
29 39 0.688168
29 40 0.666889
29 41 0.648005
29 42 0.631763
29 43 0.618020
29 44 0.606983
29 45 0.598480
29 46 0.592710
29 47 0.589494
29 48 0.589036
29 49 0.591166
29 50 0.596103
29 51 0.603688
29 52 0.614158
29 53 0.627372
29 54 0.643580
29 55 0.662659
29 56 0.684863
29 57 0.710072
29 58 0.738524
29 59 0.770073
29 60 0.804889
29 61 0.842723
29 62 0.883561
29 63 0.926888
29 64 0.972262
29 65 1.018571
29 66 1.064518
29 67 1.107892
29 68 1.146074
29 69 1.175571
29 70 1.192967
29 71 1.195236
29 72 1.181312
29 73 1.152209
29 74 1.110886
29 75 1.060722
29 76 1.005126
29 77 0.946693
29 78 0.887534
29 79 0.828933
29 80 0.771885
29 81 0.716831
29 82 0.664147
29 83 0.613859
29 84 0.566056
29 85 0.520587
29 86 0.477421
29 87 0.436345
29 88 0.397279
29 89 0.359999
29 90 0.324410
29 91 0.290296
29 92 0.257557
29 93 0.225993
29 94 0.195503
29 95 0.165905
29 96 0.137097
29 97 0.108914
29 98 0.081249
29 99 0.053954
29 100 0.026916
30 1 0.033237
30 2 0.066627
30 3 0.100336
30 4 0.134508
30 5 0.169318
30 6 0.204901
30 7 0.241442
30 8 0.279064
30 9 0.317959
30 10 0.358229
30 11 0.400062
30 12 0.443524
30 13 0.488768
30 14 0.535788
30 15 0.584650
30 16 0.635197
30 17 0.687298
30 18 0.740501
30 19 0.794286
30 20 0.847664
30 21 0.899454
30 22 0.947874
30 23 0.990932
30 24 1.026180
30 25 1.051436
30 26 1.064865
30 27 1.065942
30 28 1.055258
30 29 1.034730
30 30 1.006590
30 31 0.973389
30 32 0.937153
30 33 0.899787
30 34 0.862493
30 35 0.826403
30 36 0.792048
30 37 0.760047
30 38 0.730532
30 39 0.703850
30 40 0.679930
30 41 0.658994
30 42 0.640880
30 43 0.625764
30 44 0.613450
30 45 0.604108
30 46 0.597538
30 47 0.593923
30 48 0.593077
30 49 0.595204
30 50 0.600140
30 51 0.608116
30 52 0.618997
30 53 0.633041
30 54 0.650146
30 55 0.670595
30 56 0.694321
30 57 0.721625
30 58 0.752460
30 59 0.787125
30 60 0.825556
30 61 0.867983
30 62 0.914222
30 63 0.964259
30 64 1.017515
30 65 1.073314
30 66 1.130063
30 67 1.185565
30 68 1.236183
30 69 1.277278
30 70 1.303101
30 71 1.308651
30 72 1.291515
30 73 1.254045
30 74 1.201197
30 75 1.138645
30 76 1.070995
30 77 1.001791
30 78 0.933212
30 79 0.866738
30 80 0.803040
30 81 0.742566
30 82 0.685330
30 83 0.631369
30 84 0.580461
30 85 0.532502
30 86 0.487208
30 87 0.444435
30 88 0.403901
30 89 0.365461
30 90 0.328853
30 91 0.293943
30 92 0.260494
30 93 0.228381
30 94 0.197395
30 95 0.167415
30 96 0.138254
30 97 0.109795
30 98 0.081870
30 99 0.054358
30 100 0.027111
31 1 0.033706
31 2 0.067589
31 3 0.101817
31 4 0.136579
31 5 0.172038
31 6 0.208398
31 7 0.245815
31 8 0.284509
31 9 0.324632
31 10 0.366415
31 11 0.410001
31 12 0.455618
31 13 0.503379
31 14 0.553479
31 15 0.605949
31 16 0.660875
31 17 0.718089
31 18 0.777398
31 19 0.838192
31 20 0.899655
31 21 0.960299
31 22 1.018174
31 23 1.070436
31 24 1.113812
31 25 1.144640
31 26 1.160119
31 27 1.158990
31 28 1.142587
31 29 1.113769
31 30 1.076292
31 31 1.033470
31 32 0.988261
31 33 0.942644
31 34 0.898241
31 35 0.855887
31 36 0.816344
31 37 0.779818
31 38 0.746655
31 39 0.716769
31 40 0.690338
31 41 0.667161
31 42 0.647361
31 43 0.630706
31 44 0.617316
31 45 0.606962
31 46 0.599787
31 47 0.595583
31 48 0.594523
31 49 0.596430
31 50 0.601515
31 51 0.609637
31 52 0.621047
31 53 0.635647
31 54 0.653732
31 55 0.675256
31 56 0.700558
31 57 0.729648
31 58 0.762911
31 59 0.800411
31 60 0.842558
31 61 0.889433
31 62 0.941399
31 63 0.998410
31 64 1.060521
31 65 1.127106
31 66 1.197131
31 67 1.268123
31 68 1.336069
31 69 1.394258
31 70 1.433744
31 71 1.444753
31 72 1.422271
31 73 1.371259
31 74 1.301422
31 75 1.221666
31 76 1.138618
31 77 1.056264
31 78 0.976975
31 79 0.901768
31 80 0.831151
31 81 0.765062
31 82 0.703407
31 83 0.645824
31 84 0.592074
31 85 0.541753
31 86 0.494615
31 87 0.450288
31 88 0.408554
31 89 0.369089
31 90 0.331707
31 91 0.296126
31 92 0.262186
31 93 0.229643
31 94 0.198353
31 95 0.168104
31 96 0.138762
31 97 0.110141
31 98 0.082108
31 99 0.054499
31 100 0.027180
32 1 0.034008
32 2 0.068205
32 3 0.102793
32 4 0.137955
32 5 0.173909
32 6 0.210838
32 7 0.248981
32 8 0.288525
32 9 0.329733
32 10 0.372800
32 11 0.418014
32 12 0.465571
32 13 0.515773
32 14 0.568801
32 15 0.624932
32 16 0.684264
32 17 0.746942
32 18 0.812809
32 19 0.881597
32 20 0.952465
32 21 1.024096
32 22 1.094089
32 23 1.159021
32 24 1.213991
32 25 1.253403
32 26 1.271981
32 27 1.267540
32 28 1.242332
32 29 1.201715
32 30 1.151339
32 31 1.096206
32 32 1.039777
32 33 0.984575
32 34 0.931942
32 35 0.882864
32 36 0.837625
32 37 0.796548
32 38 0.759499
32 39 0.726571
32 40 0.697491
32 41 0.672299
32 42 0.650698
32 43 0.632739
32 44 0.618145
32 45 0.607001
32 46 0.599064
32 47 0.594465
32 48 0.593000
32 49 0.594848
32 50 0.599851
32 51 0.608238
32 52 0.619904
32 53 0.635131
32 54 0.653879
32 55 0.676492
32 56 0.703006
32 57 0.733841
32 58 0.769127
32 59 0.809378
32 60 0.854834
32 61 0.906105
32 62 0.963531
32 63 1.027756
32 64 1.099054
32 65 1.177734
32 66 1.263231
32 67 1.353978
32 68 1.445711
32 69 1.530172
32 70 1.592861
32 71 1.614557
32 72 1.581555
32 73 1.507500
32 74 1.411564
32 75 1.308171
32 76 1.205546
32 77 1.107859
32 78 1.016655
32 79 0.932387
32 80 0.854734
32 81 0.783292
32 82 0.717412
32 83 0.656604
32 84 0.600259
32 85 0.547964
32 86 0.499211
32 87 0.453675
32 88 0.410939
32 89 0.370749
32 90 0.332760
32 91 0.296766
32 92 0.262481
32 93 0.229730
32 94 0.198270
32 95 0.167946
32 96 0.138550
32 97 0.109937
32 98 0.081923
32 99 0.054369
32 100 0.027109
33 1 0.034120
33 2 0.068450
33 3 0.103194
33 4 0.138577
33 5 0.174804
33 6 0.212122
33 7 0.250745
33 8 0.290953
33 9 0.332975
33 10 0.377133
33 11 0.423683
33 12 0.472990
33 13 0.525342
33 14 0.581149
33 15 0.640713
33 16 0.704450
33 17 0.772605
33 18 0.845454
33 19 0.922923
33 20 1.004680
33 21 1.089531
33 22 1.175242
33 23 1.257568
33 24 1.329920
33 25 1.382999
33 26 1.407069
33 27 1.396856
33 28 1.357709
33 29 1.299422
33 30 1.231388
33 31 1.160239
33 32 1.090333
33 33 1.023936
33 34 0.962374
33 35 0.906001
33 36 0.855047
33 37 0.809250
33 38 0.768543
33 39 0.732523
33 40 0.701090
33 41 0.673845
33 42 0.650735
33 43 0.631408
33 44 0.615873
33 45 0.603832
33 46 0.595359
33 47 0.590211
33 48 0.588523
33 49 0.590109
33 50 0.595162
33 51 0.603558
33 52 0.615554
33 53 0.631095
33 54 0.650508
33 55 0.673827
33 56 0.701470
33 57 0.733582
33 58 0.770705
33 59 0.813141
33 60 0.861605
33 61 0.916624
33 62 0.979158
33 63 1.050029
33 64 1.130480
33 65 1.221544
33 66 1.324332
33 67 1.438847
33 68 1.562849
33 69 1.687858
33 70 1.793172
33 71 1.839058
33 72 1.782080
33 73 1.665620
33 74 1.529342
33 75 1.393909
33 76 1.267715
33 77 1.152971
33 78 1.049572
33 79 0.956390
33 80 0.872272
33 81 0.795961
33 82 0.726500
33 83 0.662921
33 84 0.604538
33 85 0.550634
33 86 0.500722
33 87 0.454262
33 88 0.410897
33 89 0.370206
33 90 0.331919
33 91 0.295697
33 92 0.261326
33 93 0.228525
33 94 0.197116
33 95 0.166861
33 96 0.137602
33 97 0.109134
33 98 0.081309
33 99 0.053945
33 100 0.026897
34 1 0.034031
34 2 0.068282
34 3 0.102984
34 4 0.138357
34 5 0.174654
34 6 0.212103
34 7 0.250990
34 8 0.291566
34 9 0.334165
34 10 0.379075
34 11 0.426693
34 12 0.477364
34 13 0.531572
34 14 0.589739
34 15 0.652449
34 16 0.720217
34 17 0.793714
34 18 0.873481
34 19 0.960113
34 20 1.053801
34 21 1.154267
34 22 1.259782
34 23 1.366260
34 24 1.465124
34 25 1.541785
34 26 1.576440
34 27 1.555303
34 28 1.492226
34 29 1.407095
34 30 1.314551
34 31 1.223270
34 32 1.137380
34 33 1.058725
34 34 0.987618
34 35 0.924003
34 36 0.867311
34 37 0.817162
34 38 0.772901
34 39 0.734203
34 40 0.700500
34 41 0.671583
34 42 0.646990
34 43 0.626621
34 44 0.610106
34 45 0.597438
34 46 0.588327
34 47 0.582845
34 48 0.580770
34 49 0.582249
34 50 0.587128
34 51 0.595624
34 52 0.607658
34 53 0.623524
34 54 0.643232
34 55 0.667171
34 56 0.695466
34 57 0.728635
34 58 0.766970
34 59 0.811183
34 60 0.861823
34 61 0.919918
34 62 0.986449
34 63 1.062995
34 64 1.151290
34 65 1.253880
34 66 1.373706
34 67 1.514450
34 68 1.678979
34 69 1.865430
34 70 2.052912
34 71 2.166589
34 72 2.042087
34 73 1.843720
34 74 1.646277
34 75 1.470572
34 76 1.318433
34 77 1.186902
34 78 1.072272
34 79 0.971492
34 80 0.882000
34 81 0.801935
34 82 0.729707
34 83 0.664186
34 84 0.604338
34 85 0.549443
34 86 0.498783
34 87 0.451872
34 88 0.408181
34 89 0.367363
34 90 0.329013
34 91 0.292866
34 92 0.258600
34 93 0.226003
34 94 0.194808
34 95 0.164836
34 96 0.135863
34 97 0.107726
34 98 0.080232
34 99 0.053225
34 100 0.026532
35 1 0.033722
35 2 0.067680
35 3 0.102104
35 4 0.137249
35 5 0.173352
35 6 0.210698
35 7 0.249546
35 8 0.290228
35 9 0.333044
35 10 0.378395
35 11 0.426648
35 12 0.478305
35 13 0.533841
35 14 0.593902
35 15 0.659129
35 16 0.730384
35 17 0.808552
35 18 0.894783
35 19 0.990245
35 20 1.096293
35 21 1.213954
35 22 1.343512
35 23 1.482566
35 24 1.622689
35 25 1.742579
35 26 1.801774
35 27 1.755692
35 28 1.648988
35 29 1.522182
35 30 1.396666
35 31 1.280913
35 32 1.177429
35 33 1.085969
35 34 1.005630
35 35 0.935084
35 36 0.873312
35 37 0.819185
35 38 0.771992
35 39 0.730888
35 40 0.695432
35 41 0.664998
35 42 0.639338
35 43 0.617980
35 44 0.600817
35 45 0.587489
35 46 0.577997
35 47 0.572070
35 48 0.569798
35 49 0.570989
35 50 0.575811
35 51 0.584152
35 52 0.596260
35 53 0.612112
35 54 0.632049
35 55 0.656158
35 56 0.684901
35 57 0.718521
35 58 0.757660
35 59 0.802797
35 60 0.854873
35 61 0.914776
35 62 0.983994
35 63 1.064210
35 64 1.158055
35 65 1.268979
35 66 1.402384
35 67 1.566269
35 68 1.773375
35 69 2.041970
35 70 2.386607
35 71 2.732301
35 72 2.376097
35 73 2.020898
35 74 1.741620
35 75 1.523669
35 76 1.348697
35 77 1.203932
35 78 1.081275
35 79 0.975304
35 80 0.882452
35 81 0.800073
35 82 0.726347
35 83 0.659778
35 84 0.599318
35 85 0.544018
35 86 0.493217
35 87 0.446261
35 88 0.402701
35 89 0.362054
35 90 0.323997
35 91 0.288156
35 92 0.254283
35 93 0.222077
35 94 0.191337
35 95 0.161813
35 96 0.133331
35 97 0.105677
35 98 0.078693
35 99 0.052191
35 100 0.026016
36 1 0.033185
36 2 0.066611
36 3 0.100530
36 4 0.135183
36 5 0.170850
36 6 0.207791
36 7 0.246327
36 8 0.286755
36 9 0.329462
36 10 0.374812
36 11 0.423290
36 12 0.475368
36 13 0.531687
36 14 0.592899
36 15 0.659894
36 16 0.733640
36 17 0.815452
36 18 0.906855
36 19 1.009924
36 20 1.127170
36 21 1.261884
36 22 1.417745
36 23 1.597944
36 24 1.800489
36 25 2.004210
36 26 2.132386
36 27 2.016860
36 28 1.825852
36 29 1.636165
36 30 1.469018
36 31 1.326499
36 32 1.205457
36 33 1.102327
36 34 1.013849
36 35 0.937646
36 36 0.871669
36 37 0.814550
36 38 0.764993
36 39 0.722213
36 40 0.685344
36 41 0.653938
36 42 0.627385
36 43 0.605453
36 44 0.587693
36 45 0.574019
36 46 0.564101
36 47 0.557961
36 48 0.555363
36 49 0.556417
36 50 0.560974
36 51 0.569229
36 52 0.581118
36 53 0.596927
36 54 0.616694
36 55 0.640815
36 56 0.669461
36 57 0.703184
36 58 0.742352
36 59 0.787756
36 60 0.840095
36 61 0.900586
36 62 0.970541
36 63 1.052043
36 64 1.147739
36 65 1.261820
36 66 1.400580
36 67 1.575056
36 68 1.806282
36 69 2.142616
36 70 2.719244
36 71 4.000000
36 72 2.709102
36 73 2.122274
36 74 1.775635
36 75 1.533926
36 76 1.348754
36 77 1.198997
36 78 1.073591
36 79 0.966139
36 80 0.872430
36 81 0.789694
36 82 0.715832
36 83 0.649391
36 84 0.589138
36 85 0.534212
36 86 0.483807
36 87 0.437362
36 88 0.394307
36 89 0.354251
36 90 0.316765
36 91 0.281560
36 92 0.248299
36 93 0.216754
36 94 0.186651
36 95 0.157799
36 96 0.129970
36 97 0.102993
36 98 0.076672
36 99 0.050847
36 100 0.025342
37 1 0.032409
37 2 0.065067
37 3 0.098220
37 4 0.132137
37 5 0.167075
37 6 0.203338
37 7 0.241215
37 8 0.281067
37 9 0.323238
37 10 0.368179
37 11 0.416331
37 12 0.468283
37 13 0.524639
37 14 0.586216
37 15 0.653909
37 16 0.728942
37 17 0.812759
37 18 0.907383
37 19 1.015427
37 20 1.140705
37 21 1.288668
37 22 1.467766
37 23 1.690976
37 24 1.977233
37 25 2.341387
37 26 2.706821
37 27 2.353509
37 28 2.001548
37 29 1.727607
37 30 1.516925
37 31 1.350608
37 32 1.215783
37 33 1.104033
37 34 1.010028
37 35 0.929982
37 36 0.861422
37 37 0.802351
37 38 0.751486
37 39 0.707629
37 40 0.670072
37 41 0.638026
37 42 0.611104
37 43 0.588752
37 44 0.570781
37 45 0.556792
37 46 0.546731
37 47 0.540310
37 48 0.537578
37 49 0.538344
37 50 0.542744
37 51 0.550673
37 52 0.562358
37 53 0.577785
37 54 0.597280
37 55 0.620946
37 56 0.649233
37 57 0.682400
37 58 0.721082
37 59 0.765780
37 60 0.817426
37 61 0.876933
37 62 0.945783
37 63 1.025682
37 64 1.119257
37 65 1.229983
37 66 1.363254
37 67 1.527094
37 68 1.734236
37 69 2.002969
37 70 2.347837
37 71 2.693872
37 72 2.338109
37 73 1.983463
37 74 1.704836
37 75 1.487645
37 76 1.313526
37 77 1.169711
37 78 1.048086
37 79 0.943233
37 80 0.851566
37 81 0.770441
37 82 0.698023
37 83 0.632814
37 84 0.573752
37 85 0.519887
37 86 0.470546
37 87 0.425074
37 88 0.383012
37 89 0.343877
37 90 0.307337
37 91 0.273019
37 92 0.240669
37 93 0.209988
37 94 0.180768
37 95 0.152764
37 96 0.125796
37 97 0.099655
37 98 0.074179
37 99 0.049183
37 100 0.024513
38 1 0.031390
38 2 0.063027
38 3 0.095169
38 4 0.128069
38 5 0.162012
38 6 0.197271
38 7 0.234181
38 8 0.273059
38 9 0.314311
38 10 0.358336
38 11 0.405653
38 12 0.456792
38 13 0.512460
38 14 0.573416
38 15 0.640686
38 16 0.715458
38 17 0.799369
38 18 0.894490
38 19 1.003810
38 20 1.131556
38 21 1.284430
38 22 1.473676
38 23 1.721068
38 24 2.076083
38 25 2.677373
38 26 4.000000
38 27 2.688913
38 28 2.099223
38 29 1.755941
38 30 1.520466
38 31 1.343409
38 32 1.203033
38 33 1.088202
38 34 0.992246
38 35 0.911061
38 36 0.841685
38 37 0.782193
38 38 0.730972
38 39 0.687003
38 40 0.649288
38 41 0.617261
38 42 0.590250
38 43 0.567951
38 44 0.549888
38 45 0.535924
38 46 0.525719
38 47 0.519257
38 48 0.516298
38 49 0.516924
38 50 0.520985
38 51 0.528649
38 52 0.539854
38 53 0.554858
38 54 0.573697
38 55 0.596732
38 56 0.624123
38 57 0.656368
38 58 0.693798
38 59 0.737109
38 60 0.786897
38 61 0.844176
38 62 0.909975
38 63 0.985864
38 64 1.073625
38 65 1.175795
38 66 1.295360
38 67 1.435992
38 68 1.600601
38 69 1.787310
38 70 1.975264
38 71 2.089610
38 72 1.966001
38 73 1.768729
38 74 1.572603
38 75 1.398411
38 76 1.247992
38 77 1.118359
38 78 1.005811
38 79 0.907264
38 80 0.820160
38 81 0.742604
38 82 0.673006
38 83 0.610205
38 84 0.553167
38 85 0.501144
38 86 0.453416
38 87 0.409473
38 88 0.368789
38 89 0.330994
38 90 0.295686
38 91 0.262585
38 92 0.231371
38 93 0.201820
38 94 0.173671
38 95 0.146736
38 96 0.120795
38 97 0.095682
38 98 0.071205
38 99 0.047210
38 100 0.023526
39 1 0.030124
39 2 0.060496
39 3 0.091361
39 4 0.122987
39 5 0.155632
39 6 0.189598
39 7 0.225178
39 8 0.262732
39 9 0.302612
39 10 0.345268
39 11 0.391151
39 12 0.440853
39 13 0.494993
39 14 0.554392
39 15 0.619962
39 16 0.692932
39 17 0.774770
39 18 0.867502
39 19 0.973767
39 20 1.097382
39 21 1.243822
39 22 1.421542
39 23 1.643537
39 24 1.928742
39 25 2.292022
39 26 2.656752
39 27 2.302918
39 28 1.950599
39 29 1.676469
39 30 1.465743
39 31 1.299528
39 32 1.164920
39 33 1.053498
39 34 0.959899
39 35 0.880331
39 36 0.812286
39 37 0.753763
39 38 0.703443
39 39 0.660124
39 40 0.623066
39 41 0.591480
39 42 0.564945
39 43 0.542913
39 44 0.525161
39 45 0.511297
39 46 0.501236
39 47 0.494699
39 48 0.491706
39 49 0.492068
39 50 0.495895
39 51 0.503082
39 52 0.513821
39 53 0.528095
39 54 0.546181
39 55 0.568161
39 56 0.594416
39 57 0.625150
39 58 0.660877
39 59 0.701963
39 60 0.749106
39 61 0.802899
39 62 0.864292
39 63 0.934174
39 64 1.013779
39 65 1.104211
39 66 1.206567
39 67 1.320916
39 68 1.445003
39 69 1.570406
39 70 1.676402
39 71 1.723303
39 72 1.667648
39 73 1.552850
39 74 1.418540
39 75 1.285402
39 76 1.161788
39 77 1.049922
39 78 0.949650
39 79 0.859852
39 80 0.779322
39 81 0.706808
39 82 0.641301
39 83 0.581834
39 84 0.527674
39 85 0.478104
39 86 0.432598
39 87 0.390614
39 88 0.351763
39 89 0.315625
39 90 0.281904
39 91 0.250264
39 92 0.220471
39 93 0.192251
39 94 0.165409
39 95 0.139716
39 96 0.115003
39 97 0.091072
39 98 0.067771
39 99 0.044926
39 100 0.022388
40 1 0.028617
40 2 0.057472
40 3 0.086813
40 4 0.116886
40 5 0.147963
40 6 0.180311
40 7 0.214247
40 8 0.250079
40 9 0.288194
40 10 0.328972
40 11 0.372900
40 12 0.420477
40 13 0.472346
40 14 0.529196
40 15 0.591925
40 16 0.661539
40 17 0.739368
40 18 0.826983
40 19 0.926468
40 20 1.040384
40 21 1.172031
40 22 1.325132
40 23 1.502883
40 24 1.703327
40 25 1.905287
40 26 2.032068
40 27 1.915489
40 28 1.723785
40 29 1.533717
40 30 1.366510
40 31 1.224196
40 32 1.103619
40 33 1.001151
40 34 0.913519
40 35 0.838277
40 36 0.773366
40 37 0.717345
40 38 0.668912
40 39 0.627212
40 40 0.591373
40 41 0.560885
40 42 0.535138
40 43 0.513839
40 44 0.496547
40 45 0.483117
40 46 0.473230
40 47 0.466852
40 48 0.463758
40 49 0.464003
40 50 0.467445
40 51 0.474217
40 52 0.484255
40 53 0.497767
40 54 0.514771
40 55 0.535557
40 56 0.560231
40 57 0.589173
40 58 0.622596
40 59 0.660983
40 60 0.704665
40 61 0.754232
40 62 0.810118
40 63 0.872953
40 64 0.943107
40 65 1.020874
40 66 1.105782
40 67 1.196247
40 68 1.288089
40 69 1.373029
40 70 1.436634
40 71 1.459654
40 72 1.428437
40 73 1.356583
40 74 1.263306
40 75 1.162974
40 76 1.063835
40 77 0.969997
40 78 0.883017
40 79 0.803279
40 80 0.730468
40 81 0.664111
40 82 0.603558
40 83 0.548255
40 84 0.497591
40 85 0.451095
40 86 0.408258
40 87 0.368706
40 88 0.332023
40 89 0.297914
40 90 0.266040
40 91 0.236161
40 92 0.207999
40 93 0.181356
40 94 0.155998
40 95 0.131755
40 96 0.108427
40 97 0.085861
40 98 0.063882
40 99 0.042348
40 100 0.021101
41 1 0.026871
41 2 0.053973
41 3 0.081535
41 4 0.109805
41 5 0.139024
41 6 0.169472
41 7 0.201418
41 8 0.235192
41 9 0.271113
41 10 0.309583
41 11 0.351001
41 12 0.395874
41 13 0.444719
41 14 0.498197
41 15 0.557002
41 16 0.622014
41 17 0.694182
41 18 0.774678
41 19 0.864740
41 20 0.965742
41 21 1.078784
41 22 1.204160
41 23 1.339534
41 24 1.476475
41 25 1.593732
41 26 1.650818
41 27 1.603184
41 28 1.495435
41 29 1.368105
41 30 1.242513
41 31 1.127128
41 32 1.024366
41 33 0.933966
41 34 0.854924
41 35 0.785893
41 36 0.725747
41 37 0.673340
41 38 0.627855
41 39 0.588437
41 40 0.554545
41 41 0.525549
41 42 0.501109
41 43 0.480758
41 44 0.464301
41 45 0.451393
41 46 0.441950
41 47 0.435720
41 48 0.432708
41 49 0.432741
41 50 0.435901
41 51 0.442086
41 52 0.451446
41 53 0.463949
41 54 0.479809
41 55 0.499065
41 56 0.521998
41 57 0.548716
41 58 0.579562
41 59 0.614708
41 60 0.654538
41 61 0.699247
41 62 0.749181
41 63 0.804414
41 64 0.864989
41 65 0.930396
41 66 0.999588
41 67 1.070202
41 68 1.138206
41 69 1.196986
41 70 1.237561
41 71 1.250240
41 72 1.229960
41 73 1.181740
41 74 1.115223
41 75 1.039353
41 76 0.960682
41 77 0.883215
41 78 0.809240
41 79 0.739781
41 80 0.675259
41 81 0.615610
41 82 0.560658
41 83 0.510037
41 84 0.463428
41 85 0.420426
41 86 0.380717
41 87 0.343928
41 88 0.309785
41 89 0.277968
41 90 0.248244
41 91 0.220341
41 92 0.194062
41 93 0.169177
41 94 0.145516
41 95 0.122880
41 96 0.101119
41 97 0.080061
41 98 0.059567
41 99 0.039482
41 100 0.019674
42 1 0.024899
42 2 0.050013
42 3 0.075565
42 4 0.101775
42 5 0.128885
42 6 0.157135
42 7 0.186802
42 8 0.218157
42 9 0.251532
42 10 0.287247
42 11 0.325705
42 12 0.367300
42 13 0.412525
42 14 0.461871
42 15 0.515942
42 16 0.575333
42 17 0.640744
42 18 0.712808
42 19 0.792150
42 20 0.879061
42 21 0.973285
42 22 1.073189
42 23 1.174696
42 24 1.269308
42 25 1.342422
42 26 1.374290
42 27 1.351078
42 28 1.286668
42 29 1.200863
42 30 1.108308
42 31 1.017568
42 32 0.932751
42 33 0.855574
42 34 0.786319
42 35 0.724791
42 36 0.670390
42 37 0.622595
42 38 0.580730
42 39 0.544330
42 40 0.512820
42 41 0.485860
42 42 0.462990
42 43 0.443991
42 44 0.428507
42 45 0.416419
42 46 0.407457
42 47 0.401586
42 48 0.398612
42 49 0.398571
42 50 0.401332
42 51 0.406997
42 52 0.415495
42 53 0.426984
42 54 0.441451
42 55 0.459103
42 56 0.479981
42 57 0.504330
42 58 0.532229
42 59 0.563938
42 60 0.599531
42 61 0.639214
42 62 0.682945
42 63 0.730697
42 64 0.782039
42 65 0.836281
42 66 0.891971
42 67 0.946897
42 68 0.997547
42 69 1.039258
42 70 1.066385
42 71 1.073884
42 72 1.059422
42 73 1.025289
42 74 0.976493
42 75 0.918626
42 76 0.856325
42 77 0.793035
42 78 0.730947
42 79 0.671438
42 80 0.615175
42 81 0.562503
42 82 0.513429
42 83 0.467890
42 84 0.425660
42 85 0.386544
42 86 0.350255
42 87 0.316575
42 88 0.285222
42 89 0.255991
42 90 0.228628
42 91 0.202950
42 92 0.178733
42 93 0.155817
42 94 0.134008
42 95 0.113162
42 96 0.093110
42 97 0.073720
42 98 0.054843
42 99 0.036352
42 100 0.018112
43 1 0.022713
43 2 0.045626
43 3 0.068939
43 4 0.092863
43 5 0.117608
43 6 0.143409
43 7 0.170497
43 8 0.199143
43 9 0.229609
43 10 0.262217
43 11 0.297272
43 12 0.335150
43 13 0.376210
43 14 0.420883
43 15 0.469564
43 16 0.522701
43 17 0.580651
43 18 0.643733
43 19 0.711992
43 20 0.785139
43 21 0.862106
43 22 0.940688
43 23 1.016752
43 24 1.083712
43 25 1.132358
43 26 1.152918
43 27 1.140171
43 28 1.099386
43 29 1.040372
43 30 0.972399
43 31 0.902083
43 32 0.833627
43 33 0.769260
43 34 0.710134
43 35 0.656560
43 36 0.608587
43 37 0.565919
43 38 0.528309
43 39 0.495334
43 40 0.466725
43 41 0.442080
43 42 0.421188
43 43 0.403710
43 44 0.389511
43 45 0.378318
43 46 0.370069
43 47 0.364557
43 48 0.361781
43 49 0.361596
43 50 0.364058
43 51 0.369073
43 52 0.376749
43 53 0.387041
43 54 0.400098
43 55 0.415917
43 56 0.434675
43 57 0.456395
43 58 0.481262
43 59 0.509285
43 60 0.540602
43 61 0.575132
43 62 0.612842
43 63 0.653391
43 64 0.696330
43 65 0.740717
43 66 0.785246
43 67 0.827866
43 68 0.865940
43 69 0.896114
43 70 0.914936
43 71 0.919489
43 72 0.908647
43 73 0.883499
43 74 0.846921
43 75 0.802334
43 76 0.753040
43 77 0.701653
43 78 0.650161
43 79 0.599848
43 80 0.551583
43 81 0.505797
43 82 0.462743
43 83 0.422435
43 84 0.384852
43 85 0.349834
43 86 0.317253
43 87 0.286895
43 88 0.258599
43 89 0.232147
43 90 0.207381
43 91 0.184097
43 92 0.162148
43 93 0.141351
43 94 0.121572
43 95 0.102651
43 96 0.084464
43 97 0.066868
43 98 0.049747
43 99 0.032971
43 100 0.016429
44 1 0.020331
44 2 0.040841
44 3 0.061714
44 4 0.083132
44 5 0.105295
44 6 0.128398
44 7 0.152664
44 8 0.178308
44 9 0.205585
44 10 0.234739
44 11 0.266061
44 12 0.299820
44 13 0.336335
44 14 0.375887
44 15 0.418786
44 16 0.465256
44 17 0.515490
44 18 0.569479
44 19 0.627009
44 20 0.687398
44 21 0.749379
44 22 0.810704
44 23 0.867978
44 24 0.916431
44 25 0.950451
44 26 0.964853
44 27 0.957382
44 28 0.930332
44 29 0.888934
44 30 0.838831
44 31 0.784849
44 32 0.730411
44 33 0.677830
44 34 0.628394
44 35 0.582866
44 36 0.541478
44 37 0.504332
44 38 0.471255
44 39 0.442129
44 40 0.416666
44 41 0.394711
44 42 0.375972
44 43 0.360321
44 44 0.347506
44 45 0.337449
44 46 0.329944
44 47 0.324966
44 48 0.322361
44 49 0.322151
44 50 0.324230
44 51 0.328664
44 52 0.335388
44 53 0.344506
44 54 0.355985
44 55 0.369957
44 56 0.386409
44 57 0.405476
44 58 0.427138
44 59 0.451494
44 60 0.478459
44 61 0.508014
44 62 0.539900
44 63 0.573829
44 64 0.609173
44 65 0.645131
44 66 0.680429
44 67 0.713489
44 68 0.742233
44 69 0.764418
44 70 0.777756
44 71 0.780576
44 72 0.772176
44 73 0.753223
44 74 0.725358
44 75 0.690827
44 76 0.651850
44 77 0.610453
44 78 0.568194
44 79 0.526286
44 80 0.485513
44 81 0.446430
44 82 0.409310
44 83 0.374325
44 84 0.341478
44 85 0.310753
44 86 0.282028
44 87 0.255210
44 88 0.230131
44 89 0.206669
44 90 0.184652
44 91 0.163953
44 92 0.144410
44 93 0.125902
44 94 0.108280
44 95 0.091433
44 96 0.075228
44 97 0.059559
44 98 0.044305
44 99 0.029366
44 100 0.014631
45 1 0.017770
45 2 0.035699
45 3 0.053944
45 4 0.072671
45 5 0.092044
45 6 0.112247
45 7 0.133453
45 8 0.155869
45 9 0.179686
45 10 0.205131
45 11 0.232413
45 12 0.261775
45 13 0.293424
45 14 0.327592
45 15 0.364436
45 16 0.404099
45 17 0.446575
45 18 0.491739
45 19 0.539169
45 20 0.588123
45 21 0.637307
45 22 0.684831
45 23 0.728027
45 24 0.763645
45 25 0.788160
45 26 0.798729
45 27 0.794171
45 28 0.775704
45 29 0.746200
45 30 0.709231
45 31 0.668071
45 32 0.625442
45 33 0.583253
45 34 0.542863
45 35 0.505031
45 36 0.470254
45 37 0.438675
45 38 0.410384
45 39 0.385260
45 40 0.363243
45 41 0.344125
45 42 0.327814
45 43 0.314097
45 44 0.302897
45 45 0.294026
45 46 0.287446
45 47 0.283004
45 48 0.280699
45 49 0.280419
45 50 0.282201
45 51 0.285966
45 52 0.291785
45 53 0.299609
45 54 0.309530
45 55 0.321518
45 56 0.335673
45 57 0.351962
45 58 0.370460
45 59 0.391093
45 60 0.413858
45 61 0.438565
45 62 0.465037
45 63 0.492853
45 64 0.521515
45 65 0.550206
45 66 0.577952
45 67 0.603427
45 68 0.625177
45 69 0.641570
45 70 0.651175
45 71 0.652885
45 72 0.646333
45 73 0.631858
45 74 0.610533
45 75 0.583766
45 76 0.553149
45 77 0.520115
45 78 0.485943
45 79 0.451590
45 80 0.417816
45 81 0.385102
45 82 0.353803
45 83 0.324078
45 84 0.296040
45 85 0.269670
45 86 0.244952
45 87 0.221785
45 88 0.200094
45 89 0.179747
45 90 0.160646
45 91 0.142655
45 92 0.125672
45 93 0.109566
45 94 0.094241
45 95 0.079574
45 96 0.065475
45 97 0.051834
45 98 0.038561
45 99 0.025557
45 100 0.012734
46 1 0.015055
46 2 0.030242
46 3 0.045701
46 4 0.061565
46 5 0.077981
46 6 0.095091
46 7 0.113057
46 8 0.132030
46 9 0.152186
46 10 0.173687
46 11 0.196720
46 12 0.221443
46 13 0.248035
46 14 0.276619
46 15 0.307312
46 16 0.340130
46 17 0.375018
46 18 0.411734
46 19 0.449853
46 20 0.488619
46 21 0.526947
46 22 0.563284
46 23 0.595707
46 24 0.621963
46 25 0.639873
46 26 0.647732
46 27 0.644933
46 28 0.632111
46 29 0.611006
46 30 0.583820
46 31 0.552847
46 32 0.520031
46 33 0.486972
46 34 0.454772
46 35 0.424246
46 36 0.395832
46 37 0.369842
46 38 0.346346
46 39 0.325404
46 40 0.306920
46 41 0.290858
46 42 0.277064
46 43 0.265484
46 44 0.255958
46 45 0.248446
46 46 0.242811
46 47 0.239037
46 48 0.237014
46 49 0.236759
46 50 0.238190
46 51 0.241349
46 52 0.246179
46 53 0.252746
46 54 0.261008
46 55 0.271040
46 56 0.282804
46 57 0.296361
46 58 0.311648
46 59 0.328678
46 60 0.347315
46 61 0.367460
46 62 0.388832
46 63 0.411131
46 64 0.433827
46 65 0.456318
46 66 0.477747
46 67 0.497175
46 68 0.513478
46 69 0.525587
46 70 0.532488
46 71 0.533526
46 72 0.528412
46 73 0.517408
46 74 0.501150
46 75 0.480617
46 76 0.456863
46 77 0.430974
46 78 0.403873
46 79 0.376372
46 80 0.349061
46 81 0.322414
46 82 0.296720
46 83 0.272198
46 84 0.248932
46 85 0.226984
46 86 0.206324
46 87 0.186929
46 88 0.168714
46 89 0.151616
46 90 0.135531
46 91 0.120381
46 92 0.106056
46 93 0.092478
46 94 0.079542
46 95 0.067169
46 96 0.055265
46 97 0.043754
46 98 0.032548
46 99 0.021573
46 100 0.010748
47 1 0.012206
47 2 0.024521
47 3 0.037053
47 4 0.049917
47 5 0.063224
47 6 0.077097
47 7 0.091654
47 8 0.107028
47 9 0.123342
47 10 0.140738
47 11 0.159336
47 12 0.179275
47 13 0.200653
47 14 0.223572
47 15 0.248064
47 16 0.274127
47 17 0.301635
47 18 0.330366
47 19 0.359891
47 20 0.389595
47 21 0.418576
47 22 0.445697
47 23 0.469555
47 24 0.488673
47 25 0.501636
47 26 0.507446
47 27 0.505716
47 28 0.496860
47 29 0.481894
47 30 0.462264
47 31 0.439466
47 32 0.414937
47 33 0.389831
47 34 0.365092
47 35 0.341348
47 36 0.319077
47 37 0.298517
47 38 0.279849
47 39 0.263091
47 40 0.248276
47 41 0.235323
47 42 0.224208
47 43 0.214815
47 44 0.207115
47 45 0.200991
47 46 0.196425
47 47 0.193319
47 48 0.191675
47 49 0.191415
47 50 0.192562
47 51 0.195059
47 52 0.198948
47 53 0.204186
47 54 0.210826
47 55 0.218830
47 56 0.228248
47 57 0.239029
47 58 0.251195
47 59 0.264654
47 60 0.279359
47 61 0.295128
47 62 0.311790
47 63 0.329011
47 64 0.346428
47 65 0.363493
47 66 0.379617
47 67 0.394048
47 68 0.406042
47 69 0.414810
47 70 0.419727
47 71 0.420317
47 72 0.416438
47 73 0.408213
47 74 0.396093
47 75 0.380691
47 76 0.362765
47 77 0.343046
47 78 0.322253
47 79 0.300964
47 80 0.279687
47 81 0.258774
47 82 0.238511
47 83 0.219062
47 84 0.200549
47 85 0.183010
47 86 0.166470
47 87 0.150892
47 88 0.136250
47 89 0.122474
47 90 0.109512
47 91 0.097281
47 92 0.085720
47 93 0.074747
47 94 0.064299
47 95 0.054296
47 96 0.044677
47 97 0.035369
47 98 0.026313
47 99 0.017439
47 100 0.008689
48 1 0.009250
48 2 0.018582
48 3 0.028080
48 4 0.037826
48 5 0.047912
48 6 0.058420
48 7 0.069449
48 8 0.081087
48 9 0.093436
48 10 0.106585
48 11 0.120636
48 12 0.135666
48 13 0.151758
48 14 0.168953
48 15 0.187275
48 16 0.206678
48 17 0.227061
48 18 0.248203
48 19 0.269781
48 20 0.291295
48 21 0.312102
48 22 0.331372
48 23 0.348180
48 24 0.361540
48 25 0.370590
48 26 0.374701
48 27 0.373670
48 28 0.367718
48 29 0.357494
48 30 0.343875
48 31 0.327872
48 32 0.310422
48 33 0.292386
48 34 0.274415
48 35 0.257046
48 36 0.240611
48 37 0.225374
48 38 0.211443
48 39 0.198913
48 40 0.187772
48 41 0.178033
48 42 0.169628
48 43 0.162543
48 44 0.156694
48 45 0.152066
48 46 0.148580
48 47 0.146230
48 48 0.144951
48 49 0.144753
48 50 0.145584
48 51 0.147468
48 52 0.150367
48 53 0.154314
48 54 0.159279
48 55 0.165294
48 56 0.172327
48 57 0.180397
48 58 0.189449
48 59 0.199465
48 60 0.210338
48 61 0.221979
48 62 0.234189
48 63 0.246766
48 64 0.259378
48 65 0.271674
48 66 0.283180
48 67 0.293415
48 68 0.301830
48 69 0.307938
48 70 0.311294
48 71 0.311626
48 72 0.308811
48 73 0.302957
48 74 0.294320
48 75 0.283330
48 76 0.270458
48 77 0.256233
48 78 0.241127
48 79 0.225584
48 80 0.209949
48 81 0.194519
48 82 0.179490
48 83 0.165022
48 84 0.151194
48 85 0.138070
48 86 0.125653
48 87 0.113949
48 88 0.102922
48 89 0.092544
48 90 0.082761
48 91 0.073533
48 92 0.064798
48 93 0.056510
48 94 0.048611
48 95 0.041052
48 96 0.033778
48 97 0.026743
48 98 0.019894
48 99 0.013186
48 100 0.006570
49 1 0.006212
49 2 0.012480
49 3 0.018858
49 4 0.025404
49 5 0.032176
49 6 0.039233
49 7 0.046636
49 8 0.054448
49 9 0.062730
49 10 0.071548
49 11 0.080956
49 12 0.091014
49 13 0.101760
49 14 0.113226
49 15 0.125406
49 16 0.138271
49 17 0.151727
49 18 0.165630
49 19 0.179737
49 20 0.193727
49 21 0.207163
49 22 0.219536
49 23 0.230255
49 24 0.238745
49 25 0.244484
49 26 0.247129
49 27 0.246546
49 28 0.242883
49 29 0.236492
49 30 0.227910
49 31 0.217724
49 32 0.206539
49 33 0.194874
49 34 0.183189
49 35 0.171809
49 36 0.161004
49 37 0.150924
49 38 0.141693
49 39 0.133348
49 40 0.125928
49 41 0.119409
49 42 0.113794
49 43 0.109034
49 44 0.105120
49 45 0.102000
49 46 0.099665
49 47 0.098070
49 48 0.097215
49 49 0.097062
49 50 0.097621
49 51 0.098863
49 52 0.100806
49 53 0.103426
49 54 0.106745
49 55 0.110742
49 56 0.115432
49 57 0.120784
49 58 0.126798
49 59 0.133418
49 60 0.140606
49 61 0.148259
49 62 0.156277
49 63 0.164484
49 64 0.172695
49 65 0.180644
49 66 0.188059
49 67 0.194604
49 68 0.199965
49 69 0.203819
49 70 0.205920
49 71 0.206084
49 72 0.204257
49 73 0.200483
49 74 0.194935
49 75 0.187849
49 76 0.179536
49 77 0.170303
49 78 0.160467
49 79 0.150296
49 80 0.140035
49 81 0.129864
49 82 0.119935
49 83 0.110342
49 84 0.101161
49 85 0.092421
49 86 0.084147
49 87 0.076330
49 88 0.068964
49 89 0.062019
49 90 0.055474
49 91 0.049291
49 92 0.043442
49 93 0.037886
49 94 0.032593
49 95 0.027524
49 96 0.022649
49 97 0.017931
49 98 0.013340
49 99 0.008841
49 100 0.004405
50 1 0.003120
50 2 0.006267
50 3 0.009471
50 4 0.012758
50 5 0.016159
50 6 0.019702
50 7 0.023419
50 8 0.027340
50 9 0.031497
50 10 0.035919
50 11 0.040638
50 12 0.045675
50 13 0.051055
50 14 0.056785
50 15 0.062866
50 16 0.069273
50 17 0.075963
50 18 0.082853
50 19 0.089826
50 20 0.096713
50 21 0.103307
50 22 0.109353
50 23 0.114577
50 24 0.118701
50 25 0.121492
50 26 0.122784
50 27 0.122527
50 28 0.120775
50 29 0.117705
50 30 0.113551
50 31 0.108603
50 32 0.103136
50 33 0.097416
50 34 0.091656
50 35 0.086034
50 36 0.080671
50 37 0.075663
50 38 0.071059
50 39 0.066897
50 40 0.063182
50 41 0.059924
50 42 0.057105
50 43 0.054723
50 44 0.052753
50 45 0.051191
50 46 0.050012
50 47 0.049215
50 48 0.048778
50 49 0.048704
50 50 0.048976
50 51 0.049601
50 52 0.050567
50 53 0.051882
50 54 0.053536
50 55 0.055538
50 56 0.057875
50 57 0.060550
50 58 0.063543
50 59 0.066843
50 60 0.070410
50 61 0.074211
50 62 0.078176
50 63 0.082233
50 64 0.086273
50 65 0.090181
50 66 0.093807
50 67 0.097005
50 68 0.099609
50 69 0.101478
50 70 0.102485
50 71 0.102555
50 72 0.101651
50 73 0.099805
50 74 0.097087
50 75 0.093618
50 76 0.089534
50 77 0.084995
50 78 0.080142
50 79 0.075118
50 80 0.070032
50 81 0.064985
50 82 0.060045
50 83 0.055268
50 84 0.050686
50 85 0.046323
50 86 0.042184
50 87 0.038275
50 88 0.034585
50 89 0.031107
50 90 0.027826
50 91 0.024728
50 92 0.021793
50 93 0.019008
50 94 0.016352
50 95 0.013810
50 96 0.011363
50 97 0.008997
50 98 0.006693
50 99 0.004436
50 100 0.002210
