1 1 0.000000
1 2 0.001054
1 3 0.002106
1 4 0.003154
1 5 0.004198
1 6 0.005234
1 7 0.006262
1 8 0.007278
1 9 0.008283
1 10 0.009272
1 11 0.010245
1 12 0.011196
1 13 0.012127
1 14 0.013032
1 15 0.013912
1 16 0.014760
1 17 0.015579
1 18 0.016361
1 19 0.017109
1 20 0.017815
1 21 0.018483
1 22 0.019106
1 23 0.019689
1 24 0.020224
1 25 0.020718
1 26 0.021162
1 27 0.021566
1 28 0.021921
1 29 0.022239
1 30 0.022510
1 31 0.022748
1 32 0.022944
1 33 0.023112
1 34 0.023244
1 35 0.023355
1 36 0.023437
1 37 0.023505
1 38 0.023552
1 39 0.023593
1 40 0.023620
1 41 0.023649
1 42 0.023670
1 43 0.023700
1 44 0.023728
1 45 0.023771
1 46 0.023816
1 47 0.023880
1 48 0.023949
1 49 0.024039
1 50 0.024136
1 51 0.024253
1 52 0.024376
1 53 0.024518
1 54 0.024664
1 55 0.024824
1 56 0.024983
1 57 0.025151
1 58 0.025311
1 59 0.025474
1 60 0.025621
1 61 0.025761
1 62 0.025878
1 63 0.025979
1 64 0.026048
1 65 0.026092
1 66 0.026096
1 67 0.026066
1 68 0.025987
1 69 0.025868
1 70 0.025695
1 71 0.025477
1 72 0.025200
1 73 0.024874
1 74 0.024489
1 75 0.024055
1 76 0.023562
1 77 0.023021
1 78 0.022425
1 79 0.021784
1 80 0.021093
1 81 0.020362
1 82 0.019588
1 83 0.018779
1 84 0.017934
1 85 0.017061
1 86 0.016157
1 87 0.015232
1 88 0.014284
1 89 0.013320
1 90 0.012337
1 91 0.011344
1 92 0.010338
1 93 0.009324
1 94 0.008301
1 95 0.007275
1 96 0.006242
1 97 0.005206
1 98 0.004168
1 99 0.003127
1 100 0.002085
2 1 0.000073
2 2 0.000147
2 3 0.000222
2 4 0.000299
2 5 0.000379
2 6 0.000461
2 7 0.000549
2 8 0.000640
2 9 0.000738
2 10 0.000840
2 11 0.000952
2 12 0.001069
2 13 0.001197
2 14 0.001333
2 15 0.001483
2 16 0.001642
2 17 0.001816
2 18 0.002003
2 19 0.002208
2 20 0.002427
2 21 0.002669
2 22 0.002928
2 23 0.003213
2 24 0.003519
2 25 0.003855
2 26 0.004216
2 27 0.004613
2 28 0.005039
2 29 0.005508
2 30 0.006011
2 31 0.006565
2 32 0.007160
2 33 0.007814
2 34 0.008517
2 35 0.009290
2 36 0.010123
2 37 0.011037
2 38 0.012023
2 39 0.013105
2 40 0.014275
2 41 0.015558
2 42 0.016947
2 43 0.018472
2 44 0.020126
2 45 0.021942
2 46 0.023916
2 47 0.026084
2 48 0.028445
2 49 0.031041
2 50 0.033874
2 51 0.036991
2 52 0.040400
2 53 0.044154
2 54 0.048266
2 55 0.052797
2 56 0.057766
2 57 0.063242
2 58 0.069249
2 59 0.075859
2 60 0.083101
2 61 0.091045
2 62 0.099714
2 63 0.109161
2 64 0.119383
2 65 0.130392
2 66 0.142123
2 67 0.154498
2 68 0.167334
2 69 0.180405
2 70 0.193350
2 71 0.205743
2 72 0.217031
2 73 0.226634
2 74 0.233932
2 75 0.238412
2 76 0.239692
2 77 0.237653
2 78 0.232409
2 79 0.224336
2 80 0.213943
2 81 0.201841
2 82 0.188610
2 83 0.174790
2 84 0.160809
2 85 0.147012
2 86 0.133627
2 87 0.120822
2 88 0.108675
2 89 0.097233
2 90 0.086485
2 91 0.076413
2 92 0.066965
2 93 0.058092
2 94 0.049726
2 95 0.041809
2 96 0.034268
2 97 0.027043
2 98 0.020066
2 99 0.013275
2 100 0.006607
3 1 0.000109
3 2 0.000220
3 3 0.000332
3 4 0.000447
3 5 0.000566
3 6 0.000690
3 7 0.000819
3 8 0.000957
3 9 0.001101
3 10 0.001257
3 11 0.001420
3 12 0.001599
3 13 0.001787
3 14 0.001994
3 15 0.002214
3 16 0.002455
3 17 0.002712
3 18 0.002995
3 19 0.003296
3 20 0.003629
3 21 0.003985
3 22 0.004377
3 23 0.004797
3 24 0.005259
3 25 0.005755
3 26 0.006301
3 27 0.006886
3 28 0.007530
3 29 0.008221
3 30 0.008982
3 31 0.009798
3 32 0.010696
3 33 0.011662
3 34 0.012722
3 35 0.013864
3 36 0.015117
3 37 0.016468
3 38 0.017951
3 39 0.019552
3 40 0.021309
3 41 0.023209
3 42 0.025293
3 43 0.027552
3 44 0.030030
3 45 0.032721
3 46 0.035676
3 47 0.038889
3 48 0.042421
3 49 0.046270
3 50 0.050503
3 51 0.055127
3 52 0.060217
3 53 0.065788
3 54 0.071925
3 55 0.078653
3 56 0.086068
3 57 0.094204
3 58 0.103169
3 59 0.113005
3 60 0.123825
3 61 0.135670
3 62 0.148648
3 63 0.162782
3 64 0.178142
3 65 0.194699
3 66 0.212431
3 67 0.231184
3 68 0.250762
3 69 0.270782
3 70 0.290764
3 71 0.310005
3 72 0.327689
3 73 0.342825
3 74 0.354434
3 75 0.361594
3 76 0.363688
3 77 0.360461
3 78 0.352160
3 79 0.339395
3 80 0.323077
3 81 0.304183
3 82 0.283686
3 83 0.262403
3 84 0.241018
3 85 0.220014
3 86 0.199748
3 87 0.180420
3 88 0.162158
3 89 0.144986
3 90 0.128903
3 91 0.113843
3 92 0.099745
3 93 0.086507
3 94 0.074042
3 95 0.062243
3 96 0.051016
3 97 0.040256
3 98 0.029870
3 99 0.019760
3 100 0.009835
4 1 0.000145
4 2 0.000291
4 3 0.000440
4 4 0.000592
4 5 0.000751
4 6 0.000914
4 7 0.001088
4 8 0.001268
4 9 0.001462
4 10 0.001665
4 11 0.001886
4 12 0.002118
4 13 0.002373
4 14 0.002642
4 15 0.002938
4 16 0.003252
4 17 0.003598
4 18 0.003967
4 19 0.004374
4 20 0.004808
4 21 0.005287
4 22 0.005799
4 23 0.006363
4 24 0.006967
4 25 0.007633
4 26 0.008346
4 27 0.009131
4 28 0.009974
4 29 0.010900
4 30 0.011895
4 31 0.012989
4 32 0.014164
4 33 0.015456
4 34 0.016845
4 35 0.018370
4 36 0.020013
4 37 0.021816
4 38 0.023761
4 39 0.025895
4 40 0.028200
4 41 0.030728
4 42 0.033465
4 43 0.036467
4 44 0.039722
4 45 0.043295
4 46 0.047176
4 47 0.051439
4 48 0.056079
4 49 0.061179
4 50 0.066742
4 51 0.072863
4 52 0.079554
4 53 0.086923
4 54 0.094994
4 55 0.103889
4 56 0.113647
4 57 0.124406
4 58 0.136219
4 59 0.149236
4 60 0.163521
4 61 0.179230
4 62 0.196424
4 63 0.215241
4 64 0.235706
4 65 0.257891
4 66 0.281720
4 67 0.307104
4 68 0.333747
4 69 0.361249
4 70 0.388919
4 71 0.415875
4 72 0.440894
4 73 0.462587
4 74 0.479385
4 75 0.489883
4 76 0.493004
4 77 0.488382
4 78 0.476374
4 79 0.458042
4 80 0.434788
4 81 0.408161
4 82 0.379548
4 83 0.350150
4 84 0.320848
4 85 0.292308
4 86 0.264931
4 87 0.238981
4 88 0.214551
4 89 0.191678
4 90 0.170297
4 91 0.150336
4 92 0.131664
4 93 0.114166
4 94 0.097693
4 95 0.082120
4 96 0.067298
4 97 0.053104
4 98 0.039400
4 99 0.026066
4 100 0.012972
5 1 0.000180
5 2 0.000362
5 3 0.000546
5 4 0.000736
5 5 0.000931
5 6 0.001137
5 7 0.001349
5 8 0.001576
5 9 0.001813
5 10 0.002069
5 11 0.002339
5 12 0.002632
5 13 0.002942
5 14 0.003282
5 15 0.003643
5 16 0.004040
5 17 0.004462
5 18 0.004928
5 19 0.005424
5 20 0.005971
5 21 0.006556
5 22 0.007200
5 23 0.007889
5 24 0.008649
5 25 0.009463
5 26 0.010359
5 27 0.011320
5 28 0.012377
5 29 0.013511
5 30 0.014758
5 31 0.016097
5 32 0.017569
5 33 0.019151
5 34 0.020889
5 35 0.022758
5 36 0.024810
5 37 0.027022
5 38 0.029447
5 39 0.032065
5 40 0.034936
5 41 0.038040
5 42 0.041444
5 43 0.045130
5 44 0.049174
5 45 0.053561
5 46 0.058376
5 47 0.063610
5 48 0.069360
5 49 0.075624
5 50 0.082510
5 51 0.090028
5 52 0.098302
5 53 0.107355
5 54 0.117328
5 55 0.128262
5 56 0.140317
5 57 0.153554
5 58 0.168154
5 59 0.184198
5 60 0.201884
5 61 0.221305
5 62 0.242666
5 63 0.266051
5 64 0.291633
5 65 0.319439
5 66 0.349531
5 67 0.381767
5 68 0.415945
5 69 0.451549
5 70 0.487857
5 71 0.523681
5 72 0.557489
5 73 0.587243
5 74 0.610694
5 75 0.625549
5 76 0.630113
5 77 0.623689
5 78 0.606960
5 79 0.581612
5 80 0.549919
5 81 0.514124
5 82 0.476240
5 83 0.437800
5 84 0.399958
5 85 0.363441
5 86 0.328726
5 87 0.296021
5 88 0.265424
5 89 0.236878
5 90 0.210304
5 91 0.185540
5 92 0.162437
5 93 0.140801
5 94 0.120468
5 95 0.101244
5 96 0.082969
5 97 0.065462
5 98 0.048571
5 99 0.032130
5 100 0.015991
6 1 0.000214
6 2 0.000430
6 3 0.000651
6 4 0.000875
6 5 0.001110
6 6 0.001351
6 7 0.001607
6 8 0.001873
6 9 0.002160
6 10 0.002460
6 11 0.002785
6 12 0.003129
6 13 0.003504
6 14 0.003902
6 15 0.004338
6 16 0.004802
6 17 0.005313
6 18 0.005857
6 19 0.006456
6 20 0.007097
6 21 0.007802
6 22 0.008556
6 23 0.009388
6 24 0.010277
6 25 0.011258
6 26 0.012308
6 27 0.013463
6 28 0.014703
6 29 0.016066
6 30 0.017529
6 31 0.019136
6 32 0.020863
6 33 0.022760
6 34 0.024799
6 35 0.027038
6 36 0.029448
6 37 0.032091
6 38 0.034941
6 39 0.038066
6 40 0.041440
6 41 0.045140
6 42 0.049141
6 43 0.053528
6 44 0.058282
6 45 0.063496
6 46 0.069156
6 47 0.075369
6 48 0.082127
6 49 0.089552
6 50 0.097645
6 51 0.106546
6 52 0.116271
6 53 0.126977
6 54 0.138702
6 55 0.151625
6 56 0.165805
6 57 0.181450
6 58 0.198646
6 59 0.217628
6 60 0.238510
6 61 0.261550
6 62 0.286883
6 63 0.314771
6 64 0.345338
6 65 0.378803
6 66 0.415200
6 67 0.454583
6 68 0.496718
6 69 0.541235
6 70 0.587278
6 71 0.633584
6 72 0.678136
6 73 0.718274
6 74 0.750598
6 75 0.771570
6 76 0.778211
6 77 0.769361
6 78 0.746165
6 79 0.711585
6 80 0.669150
6 81 0.622232
6 82 0.573489
6 83 0.524905
6 84 0.477745
6 85 0.432821
6 86 0.390513
6 87 0.351002
6 88 0.314245
6 89 0.280148
6 90 0.248503
6 91 0.219120
6 92 0.191744
6 93 0.166165
6 94 0.142133
6 95 0.119444
6 96 0.097870
6 97 0.077221
6 98 0.057291
6 99 0.037901
6 100 0.018862
7 1 0.000247
7 2 0.000498
7 3 0.000751
7 4 0.001012
7 5 0.001281
7 6 0.001562
7 7 0.001855
7 8 0.002166
7 9 0.002492
7 10 0.002844
7 11 0.003214
7 12 0.003617
7 13 0.004043
7 14 0.004510
7 15 0.005006
7 16 0.005550
7 17 0.006130
7 18 0.006768
7 19 0.007448
7 20 0.008199
7 21 0.009000
7 22 0.009883
7 23 0.010828
7 24 0.011868
7 25 0.012983
7 26 0.014209
7 27 0.015524
7 28 0.016970
7 29 0.018521
7 30 0.020225
7 31 0.022055
7 32 0.024065
7 33 0.026225
7 34 0.028595
7 35 0.031145
7 36 0.033942
7 37 0.036954
7 38 0.040256
7 39 0.043818
7 40 0.047722
7 41 0.051938
7 42 0.056560
7 43 0.061561
7 44 0.067043
7 45 0.072985
7 46 0.079503
7 47 0.086582
7 48 0.094352
7 49 0.102810
7 50 0.112102
7 51 0.122239
7 52 0.133389
7 53 0.145582
7 54 0.159010
7 55 0.173730
7 56 0.189963
7 57 0.207795
7 58 0.227487
7 59 0.249159
7 60 0.273111
7 61 0.299504
7 62 0.328673
7 63 0.360811
7 64 0.396268
7 65 0.435233
7 66 0.478001
7 67 0.524645
7 68 0.575221
7 69 0.629394
7 70 0.686535
7 71 0.745241
7 72 0.803289
7 73 0.857118
7 74 0.901933
7 75 0.931924
7 76 0.941872
7 77 0.929379
7 78 0.896823
7 79 0.849413
7 80 0.792931
7 81 0.732165
7 82 0.670643
7 83 0.610587
7 84 0.553357
7 85 0.499588
7 86 0.449562
7 87 0.403230
7 88 0.360460
7 89 0.320967
7 90 0.284490
7 91 0.250692
7 92 0.219296
7 93 0.189981
7 94 0.162488
7 95 0.136530
7 96 0.111872
7 97 0.088262
7 98 0.065487
7 99 0.043320
7 100 0.021560
8 1 0.000280
8 2 0.000562
8 3 0.000849
8 4 0.001143
8 5 0.001448
8 6 0.001764
8 7 0.002098
8 8 0.002445
8 9 0.002818
8 10 0.003210
8 11 0.003634
8 12 0.004082
8 13 0.004571
8 14 0.005090
8 15 0.005658
8 16 0.006263
8 17 0.006928
8 18 0.007636
8 19 0.008417
8 20 0.009250
8 21 0.010168
8 22 0.011149
8 23 0.012230
8 24 0.013386
8 25 0.014660
8 26 0.016023
8 27 0.017524
8 28 0.019132
8 29 0.020900
8 30 0.022797
8 31 0.024880
8 32 0.027117
8 33 0.029573
8 34 0.032212
8 35 0.035106
8 36 0.038220
8 37 0.041634
8 38 0.045312
8 39 0.049342
8 40 0.053690
8 41 0.058453
8 42 0.063600
8 43 0.069240
8 44 0.075344
8 45 0.082034
8 46 0.089288
8 47 0.097245
8 48 0.105890
8 49 0.115379
8 50 0.125713
8 51 0.137068
8 52 0.149464
8 53 0.163103
8 54 0.178029
8 55 0.194475
8 56 0.212521
8 57 0.232437
8 58 0.254345
8 59 0.278565
8 60 0.305269
8 61 0.334834
8 62 0.367492
8 63 0.403681
8 64 0.443691
8 65 0.488002
8 66 0.536928
8 67 0.590907
8 68 0.650126
8 69 0.714708
8 70 0.784227
8 71 0.857667
8 72 0.932661
8 73 1.005074
8 74 1.068091
8 75 1.112408
8 76 1.127975
8 77 1.109539
8 78 1.062336
8 79 0.996390
8 80 0.920994
8 81 0.842930
8 82 0.766330
8 83 0.693517
8 84 0.625510
8 85 0.562682
8 86 0.504916
8 87 0.451965
8 88 0.403399
8 89 0.358831
8 90 0.317796
8 91 0.279915
8 92 0.244768
8 93 0.212020
8 94 0.181309
8 95 0.152348
8 96 0.124826
8 97 0.098491
8 98 0.073074
8 99 0.048343
8 100 0.024059
9 1 0.000311
9 2 0.000624
9 3 0.000942
9 4 0.001270
9 5 0.001607
9 6 0.001961
9 7 0.002327
9 8 0.002718
9 9 0.003126
9 10 0.003567
9 11 0.004031
9 12 0.004536
9 13 0.005070
9 14 0.005655
9 15 0.006276
9 16 0.006957
9 17 0.007683
9 18 0.008481
9 19 0.009333
9 20 0.010271
9 21 0.011273
9 22 0.012376
9 23 0.013556
9 24 0.014856
9 25 0.016247
9 26 0.017777
9 27 0.019416
9 28 0.021219
9 29 0.023152
9 30 0.025275
9 31 0.027552
9 32 0.030052
9 33 0.032737
9 34 0.035682
9 35 0.038847
9 36 0.042317
9 37 0.046051
9 38 0.050141
9 39 0.054549
9 40 0.059376
9 41 0.064585
9 42 0.070290
9 43 0.076455
9 44 0.083207
9 45 0.090518
9 46 0.098528
9 47 0.107218
9 48 0.116746
9 49 0.127103
9 50 0.138471
9 51 0.150857
9 52 0.164468
9 53 0.179336
9 54 0.195700
9 55 0.213622
9 56 0.233383
9 57 0.255088
9 58 0.279068
9 59 0.305487
9 60 0.334741
9 61 0.367070
9 62 0.402953
9 63 0.442728
9 64 0.486978
9 65 0.536156
9 66 0.590955
9 67 0.651930
9 68 0.719812
9 69 0.795085
9 70 0.878129
9 71 0.968539
9 72 1.064730
9 73 1.162425
9 74 1.253052
9 75 1.321639
9 76 1.348171
9 77 1.318464
9 78 1.246678
9 79 1.152815
9 80 1.051812
9 81 0.952233
9 82 0.858315
9 83 0.771642
9 84 0.692566
9 85 0.620713
9 86 0.555536
9 87 0.496313
9 88 0.442414
9 89 0.393162
9 90 0.348014
9 91 0.306406
9 92 0.267895
9 93 0.232022
9 94 0.198426
9 95 0.166728
9 96 0.136627
9 97 0.107803
9 98 0.079994
9 99 0.052921
9 100 0.026340
10 1 0.000340
10 2 0.000683
10 3 0.001033
10 4 0.001390
10 5 0.001762
10 6 0.002145
10 7 0.002551
10 8 0.002973
10 9 0.003427
10 10 0.003902
10 11 0.004418
10 12 0.004962
10 13 0.005556
10 14 0.006185
10 15 0.006875
10 16 0.007608
10 17 0.008415
10 18 0.009274
10 19 0.010220
10 20 0.011229
10 21 0.012341
10 22 0.013528
10 23 0.014836
10 24 0.016235
10 25 0.017775
10 26 0.019423
10 27 0.021236
10 28 0.023177
10 29 0.025311
10 30 0.027598
10 31 0.030109
10 32 0.032803
10 33 0.035758
10 34 0.038932
10 35 0.042411
10 36 0.046150
10 37 0.050246
10 38 0.054654
10 39 0.059481
10 40 0.064682
10 41 0.070375
10 42 0.076519
10 43 0.083244
10 44 0.090513
10 45 0.098472
10 46 0.107089
10 47 0.116530
10 48 0.126772
10 49 0.138000
10 50 0.150210
10 51 0.163609
10 52 0.178216
10 53 0.194268
10 54 0.211812
10 55 0.231127
10 56 0.252300
10 57 0.275660
10 58 0.301351
10 59 0.329770
10 60 0.361138
10 61 0.395944
10 62 0.434521
10 63 0.477488
10 64 0.525336
10 65 0.578869
10 66 0.638808
10 67 0.706213
10 68 0.782108
10 69 0.867847
10 70 0.964664
10 71 1.073766
10 72 1.195297
10 73 1.326963
10 74 1.460052
10 75 1.573026
10 76 1.624606
10 77 1.569560
10 78 1.453099
10 79 1.316472
10 80 1.181204
10 81 1.055968
10 82 0.943054
10 83 0.842266
10 84 0.752401
10 85 0.672160
10 86 0.600200
10 87 0.535423
10 88 0.476782
10 89 0.423467
10 90 0.374694
10 91 0.329866
10 92 0.288386
10 93 0.249802
10 94 0.213644
10 95 0.179553
10 96 0.147149
10 97 0.116130
10 98 0.086177
10 99 0.057021
10 100 0.028380
11 1 0.000368
11 2 0.000740
11 3 0.001117
11 4 0.001506
11 5 0.001905
11 6 0.002324
11 7 0.002758
11 8 0.003221
11 9 0.003705
11 10 0.004227
11 11 0.004777
11 12 0.005375
11 13 0.006006
11 14 0.006698
11 15 0.007432
11 16 0.008238
11 17 0.009095
11 18 0.010038
11 19 0.011044
11 20 0.012151
11 21 0.013333
11 22 0.014635
11 23 0.016026
11 24 0.017558
11 25 0.019196
11 26 0.020998
11 27 0.022926
11 28 0.025046
11 29 0.027317
11 30 0.029811
11 31 0.032483
11 32 0.035416
11 33 0.038562
11 34 0.042010
11 35 0.045713
11 36 0.049769
11 37 0.054129
11 38 0.058902
11 39 0.064038
11 40 0.069658
11 41 0.075714
11 42 0.082340
11 43 0.089489
11 44 0.097311
11 45 0.105766
11 46 0.115019
11 47 0.125039
11 48 0.136011
11 49 0.147916
11 50 0.160964
11 51 0.175155
11 52 0.190727
11 53 0.207706
11 54 0.226367
11 55 0.246773
11 56 0.269246
11 57 0.293901
11 58 0.321124
11 59 0.351102
11 60 0.384310
11 61 0.421046
11 62 0.461910
11 63 0.507365
11 64 0.558213
11 65 0.615176
11 66 0.679386
11 67 0.752006
11 68 0.834740
11 69 0.929529
11 70 1.039076
11 71 1.166563
11 72 1.315868
11 73 1.490077
11 74 1.687281
11 75 1.885808
11 76 2.007761
11 77 1.882071
11 78 1.679780
11 79 1.478768
11 80 1.300668
11 81 1.147381
11 82 1.015773
11 83 0.901965
11 84 0.802715
11 85 0.715325
11 86 0.637782
11 87 0.568397
11 88 0.505916
11 89 0.449229
11 90 0.397509
11 91 0.349977
11 92 0.306052
11 93 0.265155
11 94 0.226852
11 95 0.190692
11 96 0.156328
11 97 0.123392
11 98 0.091589
11 99 0.060605
11 100 0.030169
12 1 0.000395
12 2 0.000793
12 3 0.001199
12 4 0.001613
12 5 0.002044
12 6 0.002488
12 7 0.002959
12 8 0.003449
12 9 0.003975
12 10 0.004526
12 11 0.005123
12 12 0.005753
12 13 0.006441
12 14 0.007169
12 15 0.007968
12 16 0.008816
12 17 0.009748
12 18 0.010741
12 19 0.011834
12 20 0.012999
12 21 0.014283
12 22 0.015653
12 23 0.017162
12 24 0.018774
12 25 0.020549
12 26 0.022446
12 27 0.024532
12 28 0.026765
12 29 0.029218
12 30 0.031844
12 31 0.034726
12 32 0.037815
12 33 0.041202
12 34 0.044834
12 35 0.048813
12 36 0.053085
12 37 0.057761
12 38 0.062787
12 39 0.068284
12 40 0.074199
12 41 0.080667
12 42 0.087636
12 43 0.095256
12 44 0.103477
12 45 0.112466
12 46 0.122182
12 47 0.132808
12 48 0.144315
12 49 0.156909
12 50 0.170575
12 51 0.185546
12 52 0.201830
12 53 0.219694
12 54 0.239176
12 55 0.260587
12 56 0.284009
12 57 0.309811
12 58 0.338139
12 59 0.369440
12 60 0.403956
12 61 0.442249
12 62 0.484708
12 63 0.532074
12 64 0.584974
12 65 0.644452
12 66 0.711553
12 67 0.787888
12 68 0.875318
12 69 0.976641
12 70 1.095546
12 71 1.237707
12 72 1.411535
12 73 1.630333
12 74 1.913185
12 75 2.275265
12 76 2.638559
12 77 2.271275
12 78 1.905182
12 79 1.618258
12 80 1.395318
12 81 1.217230
12 82 1.070689
12 83 0.947224
12 84 0.841167
12 85 0.748756
12 86 0.667207
12 87 0.594571
12 88 0.529257
12 89 0.470120
12 90 0.416137
12 91 0.366565
12 92 0.320689
12 93 0.277984
12 94 0.237917
12 95 0.200088
12 96 0.164077
12 97 0.129557
12 98 0.096181
12 99 0.063659
12 100 0.031690
13 1 0.000419
13 2 0.000843
13 3 0.001273
13 4 0.001716
13 5 0.002170
13 6 0.002647
13 7 0.003141
13 8 0.003668
13 9 0.004219
13 10 0.004813
13 11 0.005438
13 12 0.006117
13 13 0.006835
13 14 0.007621
13 15 0.008454
13 16 0.009370
13 17 0.010342
13 18 0.011413
13 19 0.012553
13 20 0.013808
13 21 0.015147
13 22 0.016621
13 23 0.018195
13 24 0.019928
13 25 0.021779
13 26 0.023815
13 27 0.025993
13 28 0.028385
13 29 0.030944
13 30 0.033754
13 31 0.036763
13 32 0.040061
13 33 0.043596
13 34 0.047468
13 35 0.051621
13 36 0.056165
13 37 0.061044
13 38 0.066379
13 39 0.072112
13 40 0.078378
13 41 0.085119
13 42 0.092485
13 43 0.100420
13 44 0.109088
13 45 0.118439
13 46 0.128656
13 47 0.139697
13 48 0.151764
13 49 0.164829
13 50 0.179119
13 51 0.194623
13 52 0.211599
13 53 0.230062
13 54 0.250307
13 55 0.272387
13 56 0.296647
13 57 0.323193
13 58 0.352436
13 59 0.384561
13 60 0.420077
13 61 0.459287
13 62 0.502846
13 63 0.551250
13 64 0.605395
13 65 0.666104
13 66 0.734714
13 67 0.812674
13 68 0.902216
13 69 1.006169
13 70 1.128954
13 71 1.277183
13 72 1.462395
13 73 1.706535
13 74 2.059985
13 75 2.663509
13 76 4.000000
13 77 2.659289
13 78 2.051514
13 79 1.693765
13 80 1.445234
13 81 1.255531
13 82 1.102657
13 83 0.975073
13 84 0.866099
13 85 0.771324
13 86 0.687837
13 87 0.613422
13 88 0.546532
13 89 0.485855
13 90 0.430452
13 91 0.379456
13 92 0.332238
13 93 0.288175
13 94 0.246810
13 95 0.207666
13 96 0.170384
13 97 0.134579
13 98 0.099947
13 99 0.066161
13 100 0.032943
14 1 0.000443
14 2 0.000889
14 3 0.001344
14 4 0.001808
14 5 0.002291
14 6 0.002789
14 7 0.003316
14 8 0.003865
14 9 0.004453
14 10 0.005070
14 11 0.005739
14 12 0.006443
14 13 0.007212
14 14 0.008026
14 15 0.008919
14 16 0.009866
14 17 0.010907
14 18 0.012015
14 19 0.013234
14 20 0.014533
14 21 0.015964
14 22 0.017490
14 23 0.019169
14 24 0.020963
14 25 0.022936
14 26 0.025044
14 27 0.027360
14 28 0.029837
14 29 0.032556
14 30 0.035465
14 31 0.038656
14 32 0.042071
14 33 0.045813
14 34 0.049821
14 35 0.054208
14 36 0.058912
14 37 0.064055
14 38 0.069574
14 39 0.075604
14 40 0.082082
14 41 0.089157
14 42 0.096765
14 43 0.105071
14 44 0.114015
14 45 0.123778
14 46 0.134307
14 47 0.145800
14 48 0.158216
14 49 0.171776
14 50 0.186450
14 51 0.202488
14 52 0.219882
14 53 0.238913
14 54 0.259604
14 55 0.282277
14 56 0.306999
14 57 0.334147
14 58 0.363850
14 59 0.396562
14 60 0.432503
14 61 0.472242
14 62 0.516140
14 63 0.564945
14 64 0.619252
14 65 0.680108
14 66 0.748525
14 67 0.826114
14 68 0.914702
14 69 1.017084
14 70 1.136917
14 71 1.279870
14 72 1.454325
14 73 1.673586
14 74 1.956709
14 75 2.318873
14 76 2.682043
14 77 2.314441
14 78 1.947820
14 79 1.660177
14 80 1.436320
14 81 1.257140
14 82 1.109332
14 83 0.984450
14 84 0.876831
14 85 0.782738
14 86 0.699394
14 87 0.624874
14 88 0.557593
14 89 0.496428
14 90 0.440360
14 91 0.388666
14 92 0.340632
14 93 0.295748
14 94 0.253481
14 95 0.213443
14 96 0.175213
14 97 0.138470
14 98 0.102867
14 99 0.068117
14 100 0.033919
15 1 0.000463
15 2 0.000932
15 3 0.001406
15 4 0.001896
15 5 0.002398
15 6 0.002925
15 7 0.003470
15 8 0.004052
15 9 0.004660
15 10 0.005315
15 11 0.006004
15 12 0.006753
15 13 0.007545
15 14 0.008411
15 15 0.009328
15 16 0.010335
15 17 0.011406
15 18 0.012583
15 19 0.013836
15 20 0.015215
15 21 0.016685
15 22 0.018304
15 23 0.020030
15 24 0.021930
15 25 0.023957
15 26 0.026187
15 27 0.028568
15 28 0.031183
15 29 0.033978
15 30 0.037045
15 31 0.040324
15 32 0.043917
15 33 0.047763
15 34 0.051972
15 35 0.056479
15 36 0.061407
15 37 0.066689
15 38 0.072460
15 39 0.078649
15 40 0.085406
15 41 0.092661
15 42 0.100576
15 43 0.109085
15 44 0.118364
15 45 0.128352
15 46 0.139244
15 47 0.150983
15 48 0.163786
15 49 0.177607
15 50 0.192687
15 51 0.208997
15 52 0.226804
15 53 0.246104
15 54 0.267200
15 55 0.290119
15 56 0.315210
15 57 0.342548
15 58 0.372541
15 59 0.405334
15 60 0.441417
15 61 0.481037
15 62 0.524809
15 63 0.573138
15 64 0.626832
15 65 0.686550
15 66 0.753427
15 67 0.828556
15 68 0.913641
15 69 1.010549
15 70 1.121983
15 71 1.251056
15 72 1.401645
15 73 1.576776
15 74 1.774544
15 75 1.973231
15 76 2.094955
15 77 1.968613
15 78 1.765276
15 79 1.562804
15 80 1.382873
15 81 1.227377
15 82 1.093232
15 83 0.976565
15 84 0.874184
15 85 0.783404
15 86 0.702264
15 87 0.629086
15 88 0.562666
15 89 0.501902
15 90 0.446009
15 91 0.394215
15 92 0.345971
15 93 0.300703
15 94 0.258000
15 95 0.217413
15 96 0.178610
15 97 0.141222
15 98 0.104965
15 99 0.069523
15 100 0.034628
16 1 0.000483
16 2 0.000969
16 3 0.001466
16 4 0.001972
16 5 0.002499
16 6 0.003042
16 7 0.003617
16 8 0.004214
16 9 0.004856
16 10 0.005527
16 11 0.006255
16 12 0.007022
16 13 0.007859
16 14 0.008744
16 15 0.009714
16 16 0.010743
16 17 0.011874
16 18 0.013076
16 19 0.014399
16 20 0.015807
16 21 0.017358
16 22 0.019010
16 23 0.020829
16 24 0.022768
16 25 0.024901
16 26 0.027178
16 27 0.029678
16 28 0.032349
16 29 0.035280
16 30 0.038411
16 31 0.041843
16 32 0.045511
16 33 0.049527
16 34 0.053824
16 35 0.058521
16 36 0.063550
16 37 0.069042
16 38 0.074926
16 39 0.081347
16 40 0.088231
16 41 0.095738
16 42 0.103794
16 43 0.112574
16 44 0.122006
16 45 0.132281
16 46 0.143333
16 47 0.155371
16 48 0.168336
16 49 0.182460
16 50 0.197695
16 51 0.214296
16 52 0.232234
16 53 0.251795
16 54 0.272973
16 55 0.296089
16 56 0.321175
16 57 0.348596
16 58 0.378434
16 59 0.411117
16 60 0.446794
16 61 0.485978
16 62 0.528922
16 63 0.576258
16 64 0.628388
16 65 0.686119
16 66 0.750075
16 67 0.821314
16 68 0.900754
16 69 0.989742
16 70 1.089409
16 71 1.200954
16 72 1.324424
16 73 1.457525
16 74 1.591462
16 75 1.704713
16 76 1.755933
16 77 1.699928
16 78 1.581865
16 79 1.443050
16 80 1.304990
16 81 1.176428
16 82 1.059654
16 83 0.954553
16 84 0.859935
16 85 0.774584
16 86 0.697174
16 87 0.626684
16 88 0.562084
16 89 0.502633
16 90 0.447560
16 91 0.396324
16 92 0.348335
16 93 0.303184
16 94 0.260405
16 95 0.219667
16 96 0.180591
16 97 0.142892
16 98 0.106249
16 99 0.070404
16 100 0.035071
17 1 0.000500
17 2 0.001005
17 3 0.001516
17 4 0.002044
17 5 0.002585
17 6 0.003153
17 7 0.003740
17 8 0.004367
17 9 0.005021
17 10 0.005727
17 11 0.006468
17 12 0.007274
17 13 0.008124
17 14 0.009055
17 15 0.010040
17 16 0.011122
17 17 0.012270
17 18 0.013533
17 19 0.014876
17 20 0.016354
17 21 0.017928
17 22 0.019660
17 23 0.021506
17 24 0.023536
17 25 0.025701
17 26 0.028080
17 27 0.030619
17 28 0.033405
17 29 0.036380
17 30 0.039641
17 31 0.043124
17 32 0.046937
17 33 0.051012
17 34 0.055468
17 35 0.060232
17 36 0.065436
17 37 0.071003
17 38 0.077078
17 39 0.083581
17 40 0.090670
17 41 0.098266
17 42 0.106539
17 43 0.115410
17 44 0.125067
17 45 0.135433
17 46 0.146712
17 47 0.158832
17 48 0.172017
17 49 0.186202
17 50 0.201633
17 51 0.218258
17 52 0.236348
17 53 0.255868
17 54 0.277118
17 55 0.300090
17 56 0.325118
17 57 0.352229
17 58 0.381800
17 59 0.413906
17 60 0.448980
17 61 0.487161
17 62 0.528955
17 63 0.574585
17 64 0.624646
17 65 0.679464
17 66 0.739734
17 67 0.805870
17 68 0.878598
17 69 0.958257
17 70 1.045215
17 71 1.138927
17 72 1.237804
17 73 1.337439
17 74 1.429271
17 75 1.498225
17 76 1.524319
17 77 1.493299
17 78 1.419385
17 79 1.322540
17 80 1.217790
17 81 1.113689
17 82 1.014580
17 83 0.922059
17 84 0.836591
17 85 0.757823
17 86 0.685322
17 87 0.618390
17 88 0.556497
17 89 0.498986
17 90 0.445400
17 91 0.395185
17 92 0.347969
17 93 0.303295
17 94 0.260853
17 95 0.220262
17 96 0.181255
17 97 0.143507
17 98 0.106774
17 99 0.070772
17 100 0.035266
18 1 0.000515
18 2 0.001034
18 3 0.001564
18 4 0.002103
18 5 0.002665
18 6 0.003244
18 7 0.003856
18 8 0.004493
18 9 0.005176
18 10 0.005891
18 11 0.006666
18 12 0.007481
18 13 0.008371
18 14 0.009312
18 15 0.010342
18 16 0.011435
18 17 0.012635
18 18 0.013911
18 19 0.015313
18 20 0.016806
18 21 0.018448
18 22 0.020196
18 23 0.022119
18 24 0.024169
18 25 0.026422
18 26 0.028823
18 27 0.031460
18 28 0.034273
18 29 0.037357
18 30 0.040648
18 31 0.044252
18 32 0.048100
18 33 0.052308
18 34 0.056803
18 35 0.061712
18 36 0.066958
18 37 0.072681
18 38 0.078801
18 39 0.085469
18 40 0.092603
18 41 0.100370
18 42 0.108685
18 43 0.117729
18 44 0.127420
18 45 0.137954
18 46 0.149250
18 47 0.161523
18 48 0.174696
18 49 0.189003
18 50 0.204376
18 51 0.221071
18 52 0.239030
18 53 0.258534
18 54 0.279543
18 55 0.302363
18 56 0.326980
18 57 0.353731
18 58 0.382631
18 59 0.414056
18 60 0.448060
18 61 0.485060
18 62 0.525154
18 63 0.568803
18 64 0.616147
18 65 0.667673
18 66 0.723525
18 67 0.784136
18 68 0.849512
18 69 0.919758
18 70 0.994266
18 71 1.072002
18 72 1.150426
18 73 1.225398
18 74 1.289956
18 75 1.334816
18 76 1.349820
18 77 1.329769
18 78 1.279836
18 79 1.210135
18 80 1.129939
18 81 1.046153
18 82 0.962917
18 83 0.882699
18 84 0.806544
18 85 0.734972
18 86 0.667901
18 87 0.605219
18 88 0.546528
18 89 0.491559
18 90 0.439868
18 91 0.391172
18 92 0.345061
18 93 0.301274
18 94 0.259450
18 95 0.219350
18 96 0.180660
18 97 0.143159
18 98 0.106567
18 99 0.070671
18 100 0.035221
19 1 0.000528
19 2 0.001061
19 3 0.001601
19 4 0.002158
19 5 0.002729
19 6 0.003328
19 7 0.003948
19 8 0.004609
19 9 0.005299
19 10 0.006042
19 11 0.006823
19 12 0.007672
19 13 0.008567
19 14 0.009546
19 15 0.010583
19 16 0.011720
19 17 0.012926
19 18 0.014252
19 19 0.015661
19 20 0.017212
19 21 0.018861
19 22 0.020675
19 23 0.022607
19 24 0.024730
19 25 0.026993
19 26 0.029477
19 27 0.032125
19 28 0.035029
19 29 0.038126
19 30 0.041518
19 31 0.045137
19 32 0.049095
19 33 0.053318
19 34 0.057931
19 35 0.062855
19 36 0.068227
19 37 0.073963
19 38 0.080213
19 39 0.086891
19 40 0.094158
19 41 0.101926
19 42 0.110371
19 43 0.119403
19 44 0.129213
19 45 0.139713
19 46 0.151109
19 47 0.163313
19 48 0.176550
19 49 0.190738
19 50 0.206119
19 51 0.222618
19 52 0.240498
19 53 0.259694
19 54 0.280492
19 55 0.302840
19 56 0.327048
19 57 0.353084
19 58 0.381281
19 59 0.411629
19 60 0.444487
19 61 0.479864
19 62 0.518137
19 63 0.559326
19 64 0.603800
19 65 0.651554
19 66 0.702880
19 67 0.757638
19 68 0.815864
19 69 0.876998
19 70 0.940380
19 71 1.004387
19 72 1.066771
19 73 1.123770
19 74 1.170591
19 75 1.201263
19 76 1.210608
19 77 1.196122
19 78 1.160274
19 79 1.108225
19 80 1.045892
19 81 0.978066
19 82 0.908442
19 83 0.839275
19 84 0.772108
19 85 0.707619
19 86 0.646270
19 87 0.588056
19 88 0.533000
19 89 0.480853
19 90 0.431482
19 91 0.384573
19 92 0.339948
19 93 0.297291
19 94 0.256416
19 95 0.217029
19 96 0.178946
19 97 0.141901
19 98 0.105706
19 99 0.070123
19 100 0.034961
20 1 0.000539
20 2 0.001082
20 3 0.001636
20 4 0.002200
20 5 0.002787
20 6 0.003392
20 7 0.004032
20 8 0.004697
20 9 0.005411
20 10 0.006157
20 11 0.006966
20 12 0.007816
20 13 0.008744
20 14 0.009724
20 15 0.010798
20 16 0.011935
20 17 0.013185
20 18 0.014511
20 19 0.015969
20 20 0.017518
20 21 0.019223
20 22 0.021036
20 23 0.023030
20 24 0.025153
20 25 0.027484
20 26 0.029967
20 27 0.032691
20 28 0.035594
20 29 0.038774
20 30 0.042163
20 31 0.045871
20 32 0.049824
20 33 0.054143
20 34 0.058748
20 35 0.063772
20 36 0.069131
20 37 0.074969
20 38 0.081199
20 39 0.087977
20 40 0.095212
20 41 0.103074
20 42 0.111469
20 43 0.120583
20 44 0.130318
20 45 0.140875
20 46 0.152159
20 47 0.164383
20 48 0.177455
20 49 0.191605
20 50 0.206744
20 51 0.223121
20 52 0.240650
20 53 0.259598
20 54 0.279889
20 55 0.301808
20 56 0.325288
20 57 0.350630
20 58 0.377779
20 59 0.407049
20 60 0.438393
20 61 0.472128
20 62 0.508202
20 63 0.546914
20 64 0.588173
20 65 0.632204
20 66 0.678804
20 67 0.728003
20 68 0.779308
20 69 0.832305
20 70 0.885870
20 71 0.938694
20 72 0.988501
20 73 1.032601
20 74 1.067374
20 75 1.089297
20 76 1.095227
20 77 1.084081
20 78 1.056915
20 79 1.016830
20 80 0.967338
20 81 0.912000
20 82 0.853508
20 83 0.794064
20 84 0.734991
20 85 0.677323
20 86 0.621503
20 87 0.567913
20 88 0.516562
20 89 0.467527
20 90 0.420635
20 91 0.375827
20 92 0.332866
20 93 0.291637
20 94 0.251892
20 95 0.213491
20 96 0.176194
20 97 0.139849
20 98 0.104233
20 99 0.069185
20 100 0.034498
21 1 0.000547
21 2 0.001100
21 3 0.001660
21 4 0.002237
21 5 0.002829
21 6 0.003450
21 7 0.004092
21 8 0.004776
21 9 0.005490
21 10 0.006259
21 11 0.007066
21 12 0.007944
21 13 0.008869
21 14 0.009880
21 15 0.010950
21 16 0.012123
21 17 0.013367
21 18 0.014734
21 19 0.016185
21 20 0.017780
21 21 0.019477
21 22 0.021341
21 23 0.023325
21 24 0.025505
21 25 0.027824
21 26 0.030369
21 27 0.033079
21 28 0.036049
21 29 0.039212
21 30 0.042674
21 31 0.046360
21 32 0.050389
21 33 0.054681
21 34 0.059364
21 35 0.064354
21 36 0.069791
21 37 0.075585
21 38 0.081888
21 39 0.088607
21 40 0.095907
21 41 0.103690
21 42 0.112135
21 43 0.121141
21 44 0.130901
21 45 0.141312
21 46 0.152581
21 47 0.164606
21 48 0.177607
21 49 0.191484
21 50 0.206471
21 51 0.222470
21 52 0.239731
21 53 0.258158
21 54 0.278016
21 55 0.299214
21 56 0.322027
21 57 0.346368
21 58 0.372521
21 59 0.400395
21 60 0.430273
21 61 0.462053
21 62 0.495993
21 63 0.531954
21 64 0.570129
21 65 0.610287
21 66 0.652476
21 67 0.696261
21 68 0.741395
21 69 0.787045
21 70 0.832422
21 71 0.876019
21 72 0.916241
21 73 0.950758
21 74 0.977294
21 75 0.993323
21 76 0.997192
21 77 0.988059
21 78 0.966731
21 79 0.934844
21 80 0.894872
21 81 0.849089
21 82 0.799755
21 83 0.748480
21 84 0.696683
21 85 0.645180
21 86 0.594701
21 87 0.545530
21 88 0.497983
21 89 0.452060
21 90 0.407855
21 91 0.365234
21 92 0.324179
21 93 0.284501
21 94 0.246125
21 95 0.208848
21 96 0.172562
21 97 0.137068
21 98 0.102238
21 99 0.067884
21 100 0.033863
22 1 0.000554
22 2 0.001112
22 3 0.001681
22 4 0.002261
22 5 0.002865
22 6 0.003486
22 7 0.004143
22 8 0.004826
22 9 0.005558
22 10 0.006324
22 11 0.007153
22 12 0.008025
22 13 0.008975
22 14 0.009979
22 15 0.011077
22 16 0.012241
22 17 0.013518
22 18 0.014872
22 19 0.016361
22 20 0.017942
22 21 0.019680
22 22 0.021528
22 23 0.023558
22 24 0.025717
22 25 0.028086
22 26 0.030607
22 27 0.033371
22 28 0.036312
22 29 0.039532
22 30 0.042959
22 31 0.046705
22 32 0.050692
22 33 0.055043
22 34 0.059674
22 35 0.064721
22 36 0.070094
22 37 0.075939
22 38 0.082161
22 39 0.088921
22 40 0.096119
22 41 0.103926
22 42 0.112239
22 43 0.121243
22 44 0.130832
22 45 0.141203
22 46 0.152249
22 47 0.164179
22 48 0.176885
22 49 0.190591
22 50 0.205186
22 51 0.220908
22 52 0.237645
22 53 0.255648
22 54 0.274804
22 55 0.295372
22 56 0.317239
22 57 0.340668
22 58 0.365541
22 59 0.392113
22 60 0.420252
22 61 0.450192
22 62 0.481764
22 63 0.515149
22 64 0.550104
22 65 0.586701
22 66 0.624552
22 67 0.663524
22 68 0.702966
22 69 0.742398
22 70 0.780752
22 71 0.817045
22 72 0.849687
22 73 0.877206
22 74 0.897719
22 75 0.909802
22 76 0.912159
22 77 0.904508
22 78 0.887105
22 79 0.861204
22 80 0.828218
22 81 0.789973
22 82 0.747944
22 83 0.703647
22 84 0.658082
22 85 0.612226
22 86 0.566590
22 87 0.521716
22 88 0.477781
22 89 0.435045
22 90 0.393492
22 91 0.353220
22 92 0.314115
22 93 0.276181
22 94 0.239261
22 95 0.203304
22 96 0.168140
22 97 0.133684
22 98 0.099767
22 99 0.066282
22 100 0.033069
23 1 0.000558
23 2 0.001122
23 3 0.001692
23 4 0.002281
23 5 0.002883
23 6 0.003516
23 7 0.004170
23 8 0.004867
23 9 0.005593
23 10 0.006376
23 11 0.007197
23 12 0.008089
23 13 0.009028
23 14 0.010056
23 15 0.011141
23 16 0.012331
23 17 0.013592
23 18 0.014976
23 19 0.016446
23 20 0.018060
23 21 0.019775
23 22 0.021660
23 23 0.023662
23 24 0.025861
23 25 0.028198
23 26 0.030761
23 27 0.033487
23 28 0.036472
23 29 0.039646
23 30 0.043117
23 31 0.046808
23 32 0.050838
23 33 0.055124
23 34 0.059795
23 35 0.064762
23 36 0.070167
23 37 0.075915
23 38 0.082159
23 39 0.088798
23 40 0.095999
23 41 0.103656
23 42 0.111946
23 43 0.120761
23 44 0.130291
23 45 0.140421
23 46 0.151356
23 47 0.162978
23 48 0.175503
23 49 0.188810
23 50 0.203127
23 51 0.218330
23 52 0.234658
23 53 0.251983
23 54 0.270551
23 55 0.290230
23 56 0.311268
23 57 0.333525
23 58 0.357242
23 59 0.382264
23 60 0.408811
23 61 0.436698
23 62 0.466101
23 63 0.496774
23 64 0.528812
23 65 0.561863
23 66 0.595875
23 67 0.630316
23 68 0.664904
23 69 0.698831
23 70 0.731487
23 71 0.761723
23 72 0.788584
23 73 0.810661
23 74 0.826886
23 75 0.836009
23 76 0.837430
23 77 0.830711
23 78 0.816256
23 79 0.794649
23 80 0.767088
23 81 0.734642
23 82 0.698650
23 83 0.660082
23 84 0.620002
23 85 0.579050
23 86 0.537929
23 87 0.496964
23 88 0.456568
23 89 0.416845
23 90 0.378012
23 91 0.340039
23 92 0.303017
23 93 0.266847
23 94 0.231541
23 95 0.196967
23 96 0.163087
23 97 0.129759
23 98 0.096913
23 99 0.064407
23 100 0.032146
24 1 0.000561
24 2 0.001125
24 3 0.001701
24 4 0.002287
24 5 0.002897
24 6 0.003525
24 7 0.004189
24 8 0.004878
24 9 0.005618
24 10 0.006390
24 11 0.007227
24 12 0.008106
24 13 0.009064
24 14 0.010074
24 15 0.011181
24 16 0.012351
24 17 0.013636
24 18 0.014997
24 19 0.016492
24 20 0.018079
24 21 0.019822
24 22 0.021674
24 23 0.023707
24 24 0.025866
24 25 0.028236
24 26 0.030753
24 27 0.033511
24 28 0.036442
24 29 0.039648
24 30 0.043055
24 31 0.046776
24 32 0.050730
24 33 0.055040
24 34 0.059620
24 35 0.064604
24 36 0.069899
24 37 0.075651
24 38 0.081761
24 39 0.088387
24 40 0.095424
24 41 0.103042
24 42 0.111130
24 43 0.119871
24 44 0.129149
24 45 0.139158
24 46 0.149776
24 47 0.161212
24 48 0.173337
24 49 0.186370
24 50 0.200180
24 51 0.214992
24 52 0.230672
24 53 0.247450
24 54 0.265185
24 55 0.284111
24 56 0.304076
24 57 0.325307
24 58 0.347637
24 59 0.371277
24 60 0.396032
24 61 0.422076
24 62 0.449168
24 63 0.477420
24 64 0.506508
24 65 0.536442
24 66 0.566768
24 67 0.597334
24 68 0.627502
24 69 0.656895
24 70 0.684642
24 71 0.710123
24 72 0.732264
24 73 0.750300
24 74 0.763156
24 75 0.770233
24 76 0.770842
24 77 0.764948
24 78 0.752562
24 79 0.734330
24 80 0.710844
24 81 0.683121
24 82 0.651932
24 83 0.618276
24 84 0.582796
24 85 0.546270
24 86 0.509110
24 87 0.471846
24 88 0.434680
24 89 0.397937
24 90 0.361670
24 91 0.326060
24 92 0.291067
24 93 0.256774
24 94 0.223089
24 95 0.190030
24 96 0.157483
24 97 0.125418
24 98 0.093717
24 99 0.062319
24 100 0.031108
25 1 0.000560
25 2 0.001126
25 3 0.001698
25 4 0.002289
25 5 0.002893
25 6 0.003528
25 7 0.004183
25 8 0.004882
25 9 0.005609
25 10 0.006393
25 11 0.007214
25 12 0.008107
25 13 0.009047
25 14 0.010073
25 15 0.011157
25 16 0.012346
25 17 0.013603
25 18 0.014984
25 19 0.016448
25 20 0.018056
25 21 0.019762
25 22 0.021636
25 23 0.023625
25 24 0.025808
25 25 0.028126
25 26 0.030666
25 27 0.033363
25 28 0.036315
25 29 0.039450
25 30 0.042875
25 31 0.046511
25 32 0.050477
25 33 0.054687
25 34 0.059270
25 35 0.064135
25 36 0.069421
25 37 0.075029
25 38 0.081113
25 39 0.087565
25 40 0.094551
25 41 0.101958
25 42 0.109962
25 43 0.118445
25 44 0.127593
25 45 0.137284
25 46 0.147714
25 47 0.158754
25 48 0.170612
25 49 0.183153
25 50 0.196591
25 51 0.210786
25 52 0.225958
25 53 0.241959
25 54 0.259010
25 55 0.276953
25 56 0.296004
25 57 0.315990
25 58 0.337114
25 59 0.359177
25 60 0.382354
25 61 0.406408
25 62 0.431467
25 63 0.457230
25 64 0.483748
25 65 0.510627
25 66 0.537803
25 67 0.564750
25 68 0.591247
25 69 0.616604
25 70 0.640425
25 71 0.661865
25 72 0.680395
25 73 0.695119
25 74 0.705538
25 75 0.710924
25 76 0.711072
25 77 0.705678
25 78 0.695012
25 79 0.679266
25 80 0.659118
25 81 0.635067
25 82 0.607944
25 83 0.578294
25 84 0.546877
25 85 0.514122
25 86 0.480618
25 87 0.446630
25 88 0.412566
25 89 0.378551
25 90 0.344843
25 91 0.311463
25 92 0.278561
25 93 0.246091
25 94 0.214125
25 95 0.182581
25 96 0.151476
25 97 0.120714
25 98 0.090269
25 99 0.060043
25 100 0.029984
26 1 0.000558
26 2 0.001120
26 3 0.001693
26 4 0.002277
26 5 0.002885
26 6 0.003509
26 7 0.004170
26 8 0.004856
26 9 0.005591
26 10 0.006358
26 11 0.007189
26 12 0.008062
26 13 0.009012
26 14 0.010015
26 15 0.011112
26 16 0.012271
26 17 0.013543
26 18 0.014889
26 19 0.016368
26 20 0.017936
26 21 0.019658
26 22 0.021484
26 23 0.023488
26 24 0.025615
26 25 0.027947
26 26 0.030422
26 27 0.033131
26 28 0.036006
26 29 0.039149
26 30 0.042483
26 31 0.046121
26 32 0.049981
26 33 0.054183
26 34 0.058640
26 35 0.063485
26 36 0.068620
26 37 0.074192
26 38 0.080095
26 39 0.086487
26 40 0.093257
26 41 0.100572
26 42 0.108315
26 43 0.116664
26 44 0.125495
26 45 0.134997
26 46 0.145040
26 47 0.155822
26 48 0.167204
26 49 0.179393
26 50 0.192245
26 51 0.205970
26 52 0.220416
26 53 0.235795
26 54 0.251943
26 55 0.269071
26 56 0.286999
26 57 0.305927
26 58 0.325653
26 59 0.346356
26 60 0.367801
26 61 0.390131
26 62 0.413062
26 63 0.436679
26 64 0.460627
26 65 0.484906
26 66 0.509068
26 67 0.532999
26 68 0.556131
26 69 0.578223
26 70 0.598588
26 71 0.616875
26 72 0.632334
26 73 0.644588
26 74 0.652952
26 75 0.657186
26 76 0.656846
26 77 0.651993
26 78 0.642542
26 79 0.628899
26 80 0.611297
26 81 0.590363
26 82 0.566484
26 83 0.540337
26 84 0.512298
26 85 0.482961
26 86 0.452609
26 87 0.421701
26 88 0.390405
26 89 0.359044
26 90 0.327688
26 91 0.296548
26 92 0.265621
26 93 0.235033
26 94 0.204737
26 95 0.174792
26 96 0.145128
26 97 0.115757
26 98 0.086600
26 99 0.057635
26 100 0.028784
27 1 0.000553
27 2 0.001113
27 3 0.001678
27 4 0.002262
27 5 0.002859
27 6 0.003485
27 7 0.004133
27 8 0.004822
27 9 0.005540
27 10 0.006313
27 11 0.007122
27 12 0.008002
27 13 0.008927
27 14 0.009938
27 15 0.011004
27 16 0.012172
27 17 0.013408
27 18 0.014764
27 19 0.016200
27 20 0.017777
27 21 0.019449
27 22 0.021284
27 23 0.023229
27 24 0.025363
27 25 0.027626
27 26 0.030105
27 27 0.032734
27 28 0.035609
27 29 0.038657
27 30 0.041984
27 31 0.045511
27 32 0.049354
27 33 0.053426
27 34 0.057854
27 35 0.062544
27 36 0.067634
27 37 0.073022
27 38 0.078857
27 39 0.085031
27 40 0.091703
27 41 0.098757
27 42 0.106364
27 43 0.114400
27 44 0.123046
27 45 0.132171
27 46 0.141964
27 47 0.152287
27 48 0.163339
27 49 0.174972
27 50 0.187388
27 51 0.200434
27 52 0.214314
27 53 0.228862
27 54 0.244281
27 55 0.260390
27 56 0.277385
27 57 0.295066
27 58 0.313611
27 59 0.332793
27 60 0.352762
27 61 0.373253
27 62 0.394371
27 63 0.415795
27 64 0.437570
27 65 0.459303
27 66 0.480955
27 67 0.502045
27 68 0.522439
27 69 0.541566
27 70 0.559202
27 71 0.574714
27 72 0.587836
27 73 0.597949
27 74 0.604840
27 75 0.608022
27 76 0.607460
27 77 0.602906
27 78 0.594577
27 79 0.582493
27 80 0.567098
27 81 0.548604
27 82 0.527567
27 83 0.504270
27 84 0.479267
27 85 0.452814
27 86 0.425384
27 87 0.397160
27 88 0.368509
27 89 0.339532
27 90 0.310491
27 91 0.281419
27 92 0.252489
27 93 0.223685
27 94 0.195112
27 95 0.166723
27 96 0.138568
27 97 0.110587
27 98 0.082790
27 99 0.055113
27 100 0.027535
28 1 0.000548
28 2 0.001099
28 3 0.001661
28 4 0.002233
28 5 0.002829
28 6 0.003441
28 7 0.004089
28 8 0.004760
28 9 0.005480
28 10 0.006231
28 11 0.007044
28 12 0.007897
28 13 0.008826
28 14 0.009805
28 15 0.010876
28 16 0.012007
28 17 0.013247
28 18 0.014559
28 19 0.015999
28 20 0.017525
28 21 0.019199
28 22 0.020973
28 23 0.022920
28 24 0.024983
28 25 0.027244
28 26 0.029639
28 27 0.032261
28 28 0.035038
28 29 0.038072
28 30 0.041285
28 31 0.044789
28 32 0.048498
28 33 0.052534
28 34 0.056806
28 35 0.061443
28 36 0.066349
28 37 0.071663
28 38 0.077281
28 39 0.083353
28 40 0.089767
28 41 0.096684
28 42 0.103984
28 43 0.111837
28 44 0.120117
28 45 0.129002
28 46 0.138356
28 47 0.148368
28 48 0.158891
28 49 0.170121
28 50 0.181903
28 51 0.194432
28 52 0.207545
28 53 0.221436
28 54 0.235927
28 55 0.251209
28 56 0.267085
28 57 0.283733
28 58 0.300932
28 59 0.318840
28 60 0.337203
28 61 0.356145
28 62 0.375372
28 63 0.394959
28 64 0.414555
28 65 0.434175
28 66 0.453402
28 67 0.472176
28 68 0.490013
28 69 0.506781
28 70 0.521939
28 71 0.535311
28 72 0.546348
28 73 0.554885
28 74 0.560438
28 75 0.562943
28 76 0.562067
28 77 0.557916
28 78 0.550365
28 79 0.539705
28 80 0.525998
28 81 0.509674
28 82 0.490907
28 83 0.470176
28 84 0.447685
28 85 0.423886
28 86 0.398952
28 87 0.373264
28 88 0.346940
28 89 0.320275
28 90 0.293326
28 91 0.266308
28 92 0.239230
28 93 0.212237
28 94 0.185303
28 95 0.158518
28 96 0.131836
28 97 0.105301
28 98 0.078861
28 99 0.052525
28 100 0.026244
29 1 0.000539
29 2 0.001083
29 3 0.001634
29 4 0.002201
29 5 0.002782
29 6 0.003391
29 7 0.004021
29 8 0.004691
29 9 0.005388
29 10 0.006139
29 11 0.006925
29 12 0.007778
29 13 0.008675
29 14 0.009655
29 15 0.010688
29 16 0.011819
29 17 0.013015
29 18 0.014326
29 19 0.015714
29 20 0.017238
29 21 0.018850
29 22 0.020620
29 23 0.022494
29 24 0.024549
29 25 0.026726
29 26 0.029108
29 27 0.031631
29 28 0.034388
29 29 0.037307
29 30 0.040491
29 31 0.043860
29 32 0.047528
29 33 0.051407
29 34 0.055621
29 35 0.060075
29 36 0.064902
29 37 0.070000
29 38 0.075514
29 39 0.081333
29 40 0.087610
29 41 0.094228
29 42 0.101349
29 43 0.108849
29 44 0.116898
29 45 0.125363
29 46 0.134423
29 47 0.143935
29 48 0.154085
29 49 0.164719
29 50 0.176028
29 51 0.187847
29 52 0.200367
29 53 0.213410
29 54 0.227164
29 55 0.241435
29 56 0.256401
29 57 0.271849
29 58 0.287938
29 59 0.304431
29 60 0.321461
29 61 0.338754
29 62 0.356411
29 63 0.374113
29 64 0.391912
29 65 0.409439
29 66 0.426692
29 67 0.443245
29 68 0.459039
29 69 0.473604
29 70 0.486836
29 71 0.498245
29 72 0.507720
29 73 0.514804
29 74 0.519433
29 75 0.521243
29 76 0.520281
29 77 0.516329
29 78 0.509576
29 79 0.499964
29 80 0.487813
29 81 0.473188
29 82 0.456488
29 83 0.437843
29 84 0.417665
29 85 0.396093
29 86 0.373503
29 87 0.350006
29 88 0.325915
29 89 0.301301
29 90 0.276406
29 91 0.251257
29 92 0.226034
29 93 0.200729
29 94 0.175463
29 95 0.150209
29 96 0.125040
29 97 0.099918
29 98 0.074878
29 99 0.049881
29 100 0.024932
30 1 0.000529
30 2 0.001061
30 3 0.001604
30 4 0.002157
30 5 0.002732
30 6 0.003322
30 7 0.003947
30 8 0.004595
30 9 0.005288
30 10 0.006012
30 11 0.006795
30 12 0.007616
30 13 0.008511
30 14 0.009452
30 15 0.010482
30 16 0.011568
30 17 0.012759
30 18 0.014018
30 19 0.015400
30 20 0.016861
30 21 0.018465
30 22 0.020162
30 23 0.022024
30 24 0.023994
30 25 0.026152
30 26 0.028436
30 27 0.030934
30 28 0.033576
30 29 0.036461
30 30 0.039511
30 31 0.042834
30 32 0.046346
30 33 0.050163
30 34 0.054195
30 35 0.058568
30 36 0.063183
30 37 0.068176
30 38 0.073442
30 39 0.079125
30 40 0.085111
30 41 0.091556
30 42 0.098336
30 43 0.105615
30 44 0.113263
30 45 0.121450
30 46 0.130038
30 47 0.139201
30 48 0.148793
30 49 0.158993
30 50 0.169642
30 51 0.180924
30 52 0.192665
30 53 0.205047
30 54 0.217883
30 55 0.231348
30 56 0.245236
30 57 0.259710
30 58 0.274542
30 59 0.289876
30 60 0.305455
30 61 0.321395
30 62 0.337404
30 63 0.353563
30 64 0.369540
30 65 0.385371
30 66 0.400680
30 67 0.415460
30 68 0.429295
30 69 0.442139
30 70 0.453555
30 71 0.463479
30 72 0.471486
30 73 0.477532
30 74 0.481248
30 75 0.482656
30 76 0.481487
30 77 0.477866
30 78 0.471648
30 79 0.463068
30 80 0.452101
30 81 0.439064
30 82 0.424014
30 83 0.407308
30 84 0.389039
30 85 0.369560
30 86 0.348961
30 87 0.327557
30 88 0.305415
30 89 0.282797
30 90 0.259739
30 91 0.236443
30 92 0.212918
30 93 0.189312
30 94 0.165610
30 95 0.141915
30 96 0.118198
30 97 0.094520
30 98 0.070852
30 99 0.047222
30 100 0.023604
31 1 0.000516
31 2 0.001038
31 3 0.001565
31 4 0.002109
31 5 0.002665
31 6 0.003248
31 7 0.003851
31 8 0.004492
31 9 0.005159
31 10 0.005877
31 11 0.006627
31 12 0.007443
31 13 0.008299
31 14 0.009234
31 15 0.010219
31 16 0.011298
31 17 0.012436
31 18 0.013685
31 19 0.015005
31 20 0.016454
31 21 0.017986
31 22 0.019667
31 23 0.021444
31 24 0.023392
31 25 0.025453
31 26 0.027707
31 27 0.030092
31 28 0.032695
31 29 0.035448
31 30 0.038448
31 31 0.041618
31 32 0.045065
31 33 0.048704
31 34 0.052653
31 35 0.056818
31 36 0.061327
31 37 0.066080
31 38 0.071211
31 39 0.076613
31 40 0.082431
31 41 0.088547
31 42 0.095116
31 43 0.102013
31 44 0.109398
31 45 0.117138
31 46 0.125399
31 47 0.134039
31 48 0.143230
31 49 0.152817
31 50 0.162976
31 51 0.173540
31 52 0.184685
31 53 0.196230
31 54 0.208346
31 55 0.220837
31 56 0.233864
31 57 0.247213
31 58 0.261030
31 59 0.275076
31 60 0.289477
31 61 0.303965
31 62 0.318638
31 63 0.333196
31 64 0.347703
31 65 0.361823
31 66 0.375584
31 67 0.388618
31 68 0.400921
31 69 0.412101
31 70 0.422135
31 71 0.430631
31 72 0.437570
31 73 0.442591
31 74 0.445715
31 75 0.446647
31 76 0.445475
31 77 0.441999
31 78 0.436395
31 79 0.428562
31 80 0.418753
31 81 0.406954
31 82 0.393469
31 83 0.378337
31 84 0.361876
31 85 0.344147
31 86 0.325452
31 87 0.305845
31 88 0.285594
31 89 0.264734
31 90 0.243484
31 91 0.221859
31 92 0.200029
31 93 0.177991
31 94 0.155867
31 95 0.133641
31 96 0.111398
31 97 0.089113
31 98 0.066839
31 99 0.044552
31 100 0.022277
32 1 0.000503
32 2 0.001008
32 3 0.001524
32 4 0.002049
32 5 0.002595
32 6 0.003156
32 7 0.003749
32 8 0.004364
32 9 0.005022
32 10 0.005708
32 11 0.006450
32 12 0.007228
32 13 0.008075
32 14 0.008966
32 15 0.009940
32 16 0.010967
32 17 0.012093
32 18 0.013281
32 19 0.014585
32 20 0.015963
32 21 0.017475
32 22 0.019074
32 23 0.020825
32 24 0.022678
32 25 0.024705
32 26 0.026849
32 27 0.029191
32 28 0.031666
32 29 0.034365
32 30 0.037215
32 31 0.040317
32 32 0.043591
32 33 0.047145
32 34 0.050893
32 35 0.054953
32 36 0.059229
32 37 0.063848
32 38 0.068709
32 39 0.073947
32 40 0.079451
32 41 0.085365
32 42 0.091569
32 43 0.098216
32 44 0.105178
32 45 0.112613
32 46 0.120382
32 47 0.128651
32 48 0.137270
32 49 0.146408
32 50 0.155904
32 51 0.165926
32 52 0.176304
32 53 0.187202
32 54 0.198433
32 55 0.210158
32 56 0.222172
32 57 0.234624
32 58 0.247290
32 59 0.260303
32 60 0.273413
32 61 0.286734
32 62 0.299988
32 63 0.313263
32 64 0.326253
32 65 0.339014
32 66 0.351215
32 67 0.362885
32 68 0.373669
32 69 0.383579
32 70 0.392253
32 71 0.399699
32 72 0.405572
32 73 0.409897
32 74 0.412375
32 75 0.413076
32 76 0.411767
32 77 0.408582
32 78 0.403370
32 79 0.396332
32 80 0.387395
32 81 0.376813
32 82 0.364572
32 83 0.350955
32 84 0.335982
32 85 0.319938
32 86 0.302854
32 87 0.284992
32 88 0.266381
32 89 0.247246
32 90 0.227604
32 91 0.207638
32 92 0.187350
32 93 0.166882
32 94 0.146225
32 95 0.125483
32 96 0.104639
32 97 0.083762
32 98 0.062837
32 99 0.041904
32 100 0.020952
33 1 0.000486
33 2 0.000978
33 3 0.001475
33 4 0.001987
33 5 0.002510
33 6 0.003060
33 7 0.003626
33 8 0.004230
33 9 0.004857
33 10 0.005532
33 11 0.006237
33 12 0.007003
33 13 0.007807
33 14 0.008685
33 15 0.009608
33 16 0.010620
33 17 0.011686
33 18 0.012856
33 19 0.014091
33 20 0.015446
33 21 0.016878
33 22 0.018447
33 23 0.020106
33 24 0.021923
33 25 0.023842
33 26 0.025941
33 27 0.028158
33 28 0.030577
33 29 0.033131
33 30 0.035912
33 31 0.038846
33 32 0.042034
33 33 0.045394
33 34 0.049036
33 35 0.052870
33 36 0.057016
33 37 0.061376
33 38 0.066078
33 39 0.071015
33 40 0.076324
33 41 0.081891
33 42 0.087859
33 43 0.094106
33 44 0.100781
33 45 0.107753
33 46 0.115177
33 47 0.122912
33 48 0.131117
33 49 0.139640
33 50 0.148641
33 51 0.157958
33 52 0.167751
33 53 0.177841
33 54 0.188385
33 55 0.199191
33 56 0.210407
33 57 0.221822
33 58 0.233574
33 59 0.245431
33 60 0.257514
33 61 0.269568
33 62 0.281695
33 63 0.293615
33 64 0.305406
33 65 0.316766
33 66 0.327750
33 67 0.338036
33 68 0.347660
33 69 0.356292
33 70 0.363960
33 71 0.370340
33 72 0.375470
33 73 0.379051
33 74 0.381149
33 75 0.381515
33 76 0.380257
33 77 0.377191
33 78 0.372478
33 79 0.366002
33 80 0.357972
33 81 0.348330
33 82 0.337320
33 83 0.324927
33 84 0.311407
33 85 0.296768
33 86 0.281257
33 87 0.264889
33 88 0.247889
33 89 0.230267
33 90 0.212217
33 91 0.193739
33 92 0.174990
33 93 0.155964
33 94 0.136780
33 95 0.117427
33 96 0.097992
33 97 0.078460
33 98 0.058891
33 99 0.039275
33 100 0.019644
34 1 0.000469
34 2 0.000941
34 3 0.001423
34 4 0.001913
34 5 0.002423
34 6 0.002946
34 7 0.003499
34 8 0.004072
34 9 0.004685
34 10 0.005325
34 11 0.006016
34 12 0.006740
34 13 0.007529
34 14 0.008357
34 15 0.009263
34 16 0.010217
34 17 0.011262
34 18 0.012365
34 19 0.013575
34 20 0.014852
34 21 0.016253
34 22 0.017732
34 23 0.019353
34 24 0.021065
34 25 0.022938
34 26 0.024915
34 27 0.027074
34 28 0.029353
34 29 0.031837
34 30 0.034456
34 31 0.037304
34 32 0.040305
34 33 0.043560
34 34 0.046986
34 35 0.050693
34 36 0.054590
34 37 0.058795
34 38 0.063210
34 39 0.067960
34 40 0.072939
34 41 0.078281
34 42 0.083870
34 43 0.089846
34 44 0.096086
34 45 0.102735
34 46 0.109660
34 47 0.117011
34 48 0.124645
34 49 0.132714
34 50 0.141064
34 51 0.149848
34 52 0.158899
34 53 0.168369
34 54 0.178075
34 55 0.188166
34 56 0.198442
34 57 0.209043
34 58 0.219753
34 59 0.230697
34 60 0.241642
34 61 0.252697
34 62 0.263607
34 63 0.274463
34 64 0.284990
34 65 0.295261
34 66 0.304982
34 67 0.314210
34 68 0.322642
34 69 0.330324
34 70 0.336954
34 71 0.342579
34 72 0.346915
34 73 0.350024
34 74 0.351654
34 75 0.351900
34 76 0.350555
34 77 0.347755
34 78 0.343350
34 79 0.337516
34 80 0.330159
34 81 0.321487
34 82 0.311451
34 83 0.300279
34 84 0.287951
34 85 0.274698
34 86 0.260516
34 87 0.245623
34 88 0.230018
34 89 0.213897
34 90 0.197257
34 91 0.180263
34 92 0.162908
34 93 0.145326
34 94 0.127505
34 95 0.109547
34 96 0.091440
34 97 0.073259
34 98 0.054993
34 99 0.036690
34 100 0.018350
35 1 0.000450
35 2 0.000904
35 3 0.001364
35 4 0.001837
35 5 0.002321
35 6 0.002829
35 7 0.003352
35 8 0.003909
35 9 0.004488
35 10 0.005111
35 11 0.005762
35 12 0.006469
35 13 0.007210
35 14 0.008018
35 15 0.008869
35 16 0.009800
35 17 0.010781
35 18 0.011856
35 19 0.012991
35 20 0.014236
35 21 0.015549
35 22 0.016989
35 23 0.018509
35 24 0.020172
35 25 0.021928
35 26 0.023847
35 27 0.025872
35 28 0.028080
35 29 0.030408
35 30 0.032941
35 31 0.035609
35 32 0.038506
35 33 0.041554
35 34 0.044855
35 35 0.048325
35 36 0.052071
35 37 0.056004
35 38 0.060238
35 39 0.064676
35 40 0.069440
35 41 0.074424
35 42 0.079757
35 43 0.085323
35 44 0.091260
35 45 0.097442
35 46 0.104010
35 47 0.110829
35 48 0.118043
35 49 0.125508
35 50 0.133370
35 51 0.141471
35 52 0.149958
35 53 0.158660
35 54 0.167720
35 55 0.176954
35 56 0.186498
35 57 0.196154
35 58 0.206047
35 59 0.215963
35 60 0.226016
35 61 0.235971
35 62 0.245930
35 63 0.255640
35 64 0.265187
35 65 0.274304
35 66 0.283061
35 67 0.291180
35 68 0.298722
35 69 0.305407
35 70 0.311293
35 71 0.316108
35 72 0.319919
35 73 0.322476
35 74 0.323866
35 75 0.323874
35 76 0.322616
35 77 0.319923
35 78 0.315943
35 79 0.310554
35 80 0.303936
35 81 0.296009
35 82 0.286974
35 83 0.276787
35 84 0.265656
35 85 0.253558
35 86 0.240699
35 87 0.227067
35 88 0.212852
35 89 0.198044
35 90 0.182812
35 91 0.167147
35 92 0.151188
35 93 0.134926
35 94 0.118472
35 95 0.101815
35 96 0.085041
35 97 0.068141
35 98 0.051177
35 99 0.034144
35 100 0.017083
36 1 0.000430
36 2 0.000862
36 3 0.001302
36 4 0.001751
36 5 0.002217
36 6 0.002696
36 7 0.003201
36 8 0.003725
36 9 0.004286
36 10 0.004870
36 11 0.005501
36 12 0.006162
36 13 0.006882
36 14 0.007637
36 15 0.008463
36 16 0.009332
36 17 0.010284
36 18 0.011288
36 19 0.012389
36 20 0.013550
36 21 0.014822
36 22 0.016165
36 23 0.017636
36 24 0.019188
36 25 0.020885
36 26 0.022675
36 27 0.024628
36 28 0.026687
36 29 0.028929
36 30 0.031291
36 31 0.033857
36 32 0.036557
36 33 0.039482
36 34 0.042557
36 35 0.045880
36 36 0.049368
36 37 0.053126
36 38 0.057064
36 39 0.061296
36 40 0.065722
36 41 0.070463
36 42 0.075410
36 43 0.080691
36 44 0.086190
36 45 0.092037
36 46 0.098108
36 47 0.104538
36 48 0.111191
36 49 0.118206
36 50 0.125436
36 51 0.133020
36 52 0.140801
36 53 0.148914
36 54 0.157190
36 55 0.165761
36 56 0.174443
36 57 0.183363
36 58 0.192320
36 59 0.201433
36 60 0.210486
36 61 0.219585
36 62 0.228501
36 63 0.237325
36 64 0.245814
36 65 0.254050
36 66 0.261777
36 67 0.269067
36 68 0.275660
36 69 0.281624
36 70 0.286703
36 71 0.290967
36 72 0.294176
36 73 0.296412
36 74 0.297459
36 75 0.297419
36 76 0.296113
36 77 0.293669
36 78 0.289945
36 79 0.285097
36 80 0.279021
36 81 0.271895
36 82 0.263650
36 83 0.254475
36 84 0.244327
36 85 0.233396
36 86 0.221656
36 87 0.209289
36 88 0.196277
36 89 0.182786
36 90 0.168802
36 91 0.154468
36 92 0.139773
36 93 0.124834
36 94 0.109641
36 95 0.094289
36 96 0.078768
36 97 0.063149
36 98 0.047428
36 99 0.031656
36 100 0.015836
37 1 0.000407
37 2 0.000818
37 3 0.001234
37 4 0.001663
37 5 0.002100
37 6 0.002560
37 7 0.003033
37 8 0.003537
37 9 0.004060
37 10 0.004623
37 11 0.005211
37 12 0.005849
37 13 0.006517
37 14 0.007247
37 15 0.008013
37 16 0.008852
37 17 0.009736
37 18 0.010705
37 19 0.011726
37 20 0.012845
37 21 0.014025
37 22 0.015319
37 23 0.016683
37 24 0.018175
37 25 0.019749
37 26 0.021467
37 27 0.023279
37 28 0.025253
37 29 0.027332
37 30 0.029593
37 31 0.031971
37 32 0.034551
37 33 0.037262
37 34 0.040195
37 35 0.043272
37 36 0.046592
37 37 0.050070
37 38 0.053811
37 39 0.057723
37 40 0.061917
37 41 0.066295
37 42 0.070972
37 43 0.075842
37 44 0.081026
37 45 0.086409
37 46 0.092117
37 47 0.098024
37 48 0.104259
37 49 0.110688
37 50 0.117442
37 51 0.124373
37 52 0.131614
37 53 0.139005
37 54 0.146676
37 55 0.154457
37 56 0.162470
37 57 0.170533
37 58 0.178762
37 59 0.186962
37 60 0.195239
37 61 0.203383
37 62 0.211492
37 63 0.219344
37 64 0.227026
37 65 0.234304
37 66 0.241258
37 67 0.247649
37 68 0.253551
37 69 0.258725
37 70 0.263245
37 71 0.266882
37 72 0.269716
37 73 0.271536
37 74 0.272436
37 75 0.272231
37 76 0.271035
37 77 0.268694
37 78 0.265344
37 79 0.260866
37 80 0.255413
37 81 0.248900
37 82 0.241495
37 83 0.233137
37 84 0.224000
37 85 0.214043
37 86 0.203437
37 87 0.192155
37 88 0.180357
37 89 0.168021
37 90 0.155291
37 91 0.142151
37 92 0.128725
37 93 0.114997
37 94 0.101069
37 95 0.086931
37 96 0.072663
37 97 0.058258
37 98 0.043775
37 99 0.029215
37 100 0.014620
38 1 0.000384
38 2 0.000770
38 3 0.001165
38 4 0.001565
38 5 0.001982
38 6 0.002410
38 7 0.002861
38 8 0.003329
38 9 0.003830
38 10 0.004351
38 11 0.004914
38 12 0.005504
38 13 0.006145
38 14 0.006819
38 15 0.007554
38 16 0.008328
38 17 0.009176
38 18 0.010068
38 19 0.011047
38 20 0.012079
38 21 0.013209
38 22 0.014401
38 23 0.015706
38 24 0.017081
38 25 0.018584
38 26 0.020168
38 27 0.021896
38 28 0.023715
38 29 0.025695
38 30 0.027778
38 31 0.030039
38 32 0.032415
38 33 0.034989
38 34 0.037688
38 35 0.040604
38 36 0.043658
38 37 0.046947
38 38 0.050386
38 39 0.054078
38 40 0.057930
38 41 0.062051
38 42 0.066342
38 43 0.070916
38 44 0.075665
38 45 0.080707
38 46 0.085926
38 47 0.091443
38 48 0.097134
38 49 0.103120
38 50 0.109269
38 51 0.115702
38 52 0.122275
38 53 0.129111
38 54 0.136053
38 55 0.143221
38 56 0.150446
38 57 0.157844
38 58 0.165235
38 59 0.172725
38 60 0.180124
38 61 0.187530
38 62 0.194742
38 63 0.201849
38 64 0.208640
38 65 0.215197
38 66 0.221302
38 67 0.227033
38 68 0.232169
38 69 0.236787
38 70 0.240670
38 71 0.243899
38 72 0.246270
38 73 0.247871
38 74 0.248518
38 75 0.248314
38 76 0.247101
38 77 0.244996
38 78 0.241871
38 79 0.237862
38 80 0.232866
38 81 0.227035
38 82 0.220292
38 83 0.212796
38 84 0.204492
38 85 0.195538
38 86 0.185895
38 87 0.175717
38 88 0.164973
38 89 0.153805
38 90 0.142191
38 91 0.130254
38 92 0.117977
38 93 0.105466
38 94 0.092707
38 95 0.079786
38 96 0.066695
38 97 0.053499
38 98 0.040197
38 99 0.026838
38 100 0.013428
39 1 0.000359
39 2 0.000722
39 3 0.001088
39 4 0.001466
39 5 0.001852
39 6 0.002257
39 7 0.002674
39 8 0.003118
39 9 0.003579
39 10 0.004075
39 11 0.004592
39 12 0.005153
39 13 0.005741
39 14 0.006383
39 15 0.007057
39 16 0.007794
39 17 0.008570
39 18 0.009420
39 19 0.010315
39 20 0.011297
39 21 0.012331
39 22 0.013464
39 23 0.014658
39 24 0.015964
39 25 0.017339
39 26 0.018841
39 27 0.020422
39 28 0.022144
39 29 0.023956
39 30 0.025925
39 31 0.027993
39 32 0.030236
39 33 0.032589
39 34 0.035132
39 35 0.037797
39 36 0.040670
39 37 0.043674
39 38 0.046902
39 39 0.050272
39 40 0.053880
39 41 0.057638
39 42 0.061648
39 43 0.065814
39 44 0.070241
39 45 0.074827
39 46 0.079680
39 47 0.084689
39 48 0.089967
39 49 0.095390
39 50 0.101075
39 51 0.106890
39 52 0.112948
39 53 0.119109
39 54 0.125486
39 55 0.131926
39 56 0.138539
39 57 0.145162
39 58 0.151900
39 59 0.158579
39 60 0.165298
39 61 0.171872
39 62 0.178394
39 63 0.184670
39 64 0.190786
39 65 0.196542
39 66 0.202018
39 67 0.207011
39 68 0.211600
39 69 0.215583
39 70 0.219038
39 71 0.221774
39 72 0.223874
39 73 0.225159
39 74 0.225723
39 75 0.225407
39 76 0.224318
39 77 0.222319
39 78 0.219530
39 79 0.215843
39 80 0.211388
39 81 0.206081
39 82 0.200061
39 83 0.193263
39 84 0.185833
39 85 0.177721
39 86 0.169070
39 87 0.159843
39 88 0.150174
39 89 0.140036
39 90 0.129550
39 91 0.118696
39 92 0.107579
39 93 0.096183
39 94 0.084597
39 95 0.072811
39 96 0.060895
39 97 0.048846
39 98 0.036717
39 99 0.024511
39 100 0.012268
40 1 0.000334
40 2 0.000669
40 3 0.001011
40 4 0.001359
40 5 0.001721
40 6 0.002092
40 7 0.002484
40 8 0.002890
40 9 0.003324
40 10 0.003776
40 11 0.004265
40 12 0.004776
40 13 0.005331
40 14 0.005914
40 15 0.006551
40 16 0.007221
40 17 0.007954
40 18 0.008726
40 19 0.009571
40 20 0.010462
40 21 0.011438
40 22 0.012466
40 23 0.013592
40 24 0.014777
40 25 0.016072
40 26 0.017435
40 27 0.018921
40 28 0.020484
40 29 0.022185
40 30 0.023972
40 31 0.025911
40 32 0.027946
40 33 0.030148
40 34 0.032455
40 35 0.034945
40 36 0.037550
40 37 0.040352
40 38 0.043277
40 39 0.046414
40 40 0.049681
40 41 0.053172
40 42 0.056799
40 43 0.060660
40 44 0.064660
40 45 0.068901
40 46 0.073280
40 47 0.077900
40 48 0.082653
40 49 0.087643
40 50 0.092752
40 51 0.098086
40 52 0.103518
40 53 0.109153
40 54 0.114855
40 55 0.120727
40 56 0.126621
40 57 0.132639
40 58 0.138624
40 59 0.144672
40 60 0.150616
40 61 0.156547
40 62 0.162291
40 63 0.167933
40 64 0.173291
40 65 0.178447
40 66 0.183215
40 67 0.187672
40 68 0.191635
40 69 0.195179
40 70 0.198125
40 71 0.200553
40 72 0.202292
40 73 0.203429
40 74 0.203808
40 75 0.203525
40 76 0.202443
40 77 0.200670
40 78 0.198089
40 79 0.194818
40 80 0.190763
40 81 0.186051
40 82 0.180606
40 83 0.174559
40 84 0.167855
40 85 0.160622
40 86 0.152819
40 87 0.144570
40 88 0.135843
40 89 0.126754
40 90 0.117278
40 91 0.107519
40 92 0.097458
40 93 0.087186
40 94 0.076687
40 95 0.066038
40 96 0.055230
40 97 0.044321
40 98 0.033312
40 99 0.022247
40 100 0.011132
41 1 0.000306
41 2 0.000616
41 3 0.000929
41 4 0.001251
41 5 0.001580
41 6 0.001925
41 7 0.002281
41 8 0.002660
41 9 0.003052
41 10 0.003475
41 11 0.003915
41 12 0.004393
41 13 0.004894
41 14 0.005440
41 15 0.006013
41 16 0.006640
41 17 0.007299
41 18 0.008021
41 19 0.008782
41 20 0.009615
41 21 0.010493
41 22 0.011454
41 23 0.012465
41 24 0.013572
41 25 0.014736
41 26 0.016007
41 27 0.017343
41 28 0.018799
41 29 0.020328
41 30 0.021990
41 31 0.023733
41 32 0.025623
41 33 0.027602
41 34 0.029741
41 35 0.031979
41 36 0.034389
41 37 0.036906
41 38 0.039609
41 39 0.042425
41 40 0.045437
41 41 0.048569
41 42 0.051907
41 43 0.055368
41 44 0.059041
41 45 0.062837
41 46 0.066849
41 47 0.070979
41 48 0.075323
41 49 0.079776
41 50 0.084434
41 51 0.089185
41 52 0.094124
41 53 0.099131
41 54 0.104301
41 55 0.109504
41 56 0.114833
41 57 0.120149
41 58 0.125543
41 59 0.130867
41 60 0.136207
41 61 0.141409
41 62 0.146553
41 63 0.151478
41 64 0.156262
41 65 0.160739
41 66 0.164983
41 67 0.168828
41 68 0.172346
41 69 0.175374
41 70 0.177984
41 71 0.180020
41 72 0.181559
41 73 0.182455
41 74 0.182793
41 75 0.182440
41 76 0.181490
41 77 0.179828
41 78 0.177556
41 79 0.174577
41 80 0.171002
41 81 0.166752
41 82 0.161944
41 83 0.156514
41 84 0.150580
41 85 0.144095
41 86 0.137172
41 87 0.129776
41 88 0.122014
41 89 0.113858
41 90 0.105409
41 91 0.096644
41 92 0.087650
41 93 0.078414
41 94 0.069008
41 95 0.059423
41 96 0.049721
41 97 0.039897
41 98 0.029999
41 99 0.020031
41 100 0.010027
42 1 0.000279
42 2 0.000559
42 3 0.000845
42 4 0.001136
42 5 0.001438
42 6 0.001748
42 7 0.002076
42 8 0.002415
42 9 0.002777
42 10 0.003154
42 11 0.003562
42 12 0.003988
42 13 0.004451
42 14 0.004937
42 15 0.005468
42 16 0.006026
42 17 0.006637
42 18 0.007279
42 19 0.007983
42 20 0.008724
42 21 0.009535
42 22 0.010390
42 23 0.011325
42 24 0.012308
42 25 0.013383
42 26 0.014513
42 27 0.015745
42 28 0.017040
42 29 0.018448
42 30 0.019926
42 31 0.021529
42 32 0.023209
42 33 0.025026
42 34 0.026928
42 35 0.028979
42 36 0.031122
42 37 0.033426
42 38 0.035827
42 39 0.038399
42 40 0.041075
42 41 0.043931
42 42 0.046893
42 43 0.050043
42 44 0.053300
42 45 0.056748
42 46 0.060300
42 47 0.064044
42 48 0.067886
42 49 0.071913
42 50 0.076025
42 51 0.080311
42 52 0.084663
42 53 0.089169
42 54 0.093714
42 55 0.098384
42 56 0.103057
42 57 0.107816
42 58 0.112532
42 59 0.117285
42 60 0.121938
42 61 0.126569
42 62 0.131033
42 63 0.135406
42 64 0.139540
42 65 0.143505
42 66 0.147152
42 67 0.150550
42 68 0.153549
42 69 0.156220
42 70 0.158418
42 71 0.160214
42 72 0.161470
42 73 0.162265
42 74 0.162470
42 75 0.162169
42 76 0.161250
42 77 0.159802
42 78 0.157729
42 79 0.155127
42 80 0.151915
42 81 0.148196
42 82 0.143903
42 83 0.139141
42 84 0.133858
42 85 0.128158
42 86 0.122000
42 87 0.115484
42 88 0.108579
42 89 0.101378
42 90 0.093856
42 91 0.086098
42 92 0.078086
42 93 0.069893
42 94 0.061507
42 95 0.052989
42 96 0.044333
42 97 0.035589
42 98 0.026756
42 99 0.017871
42 100 0.008944
43 1 0.000250
43 2 0.000502
43 3 0.000757
43 4 0.001020
43 5 0.001288
43 6 0.001570
43 7 0.001859
43 8 0.002168
43 9 0.002487
43 10 0.002831
43 11 0.003190
43 12 0.003579
43 13 0.003987
43 14 0.004431
43 15 0.004897
43 16 0.005406
43 17 0.005942
43 18 0.006529
43 19 0.007147
43 20 0.007823
43 21 0.008535
43 22 0.009315
43 23 0.010135
43 24 0.011031
43 25 0.011974
43 26 0.013003
43 27 0.014085
43 28 0.015262
43 29 0.016498
43 30 0.017840
43 31 0.019247
43 32 0.020771
43 33 0.022366
43 34 0.024088
43 35 0.025888
43 36 0.027826
43 37 0.029847
43 38 0.032015
43 39 0.034271
43 40 0.036683
43 41 0.039186
43 42 0.041852
43 43 0.044611
43 44 0.047536
43 45 0.050554
43 46 0.053739
43 47 0.057011
43 48 0.060449
43 49 0.063964
43 50 0.067636
43 51 0.071371
43 52 0.075249
43 53 0.079168
43 54 0.083208
43 55 0.087262
43 56 0.091406
43 57 0.095527
43 58 0.099699
43 59 0.103802
43 60 0.107909
43 61 0.111894
43 62 0.115826
43 63 0.119574
43 64 0.123207
43 65 0.126590
43 66 0.129788
43 67 0.132669
43 68 0.135297
43 69 0.137541
43 70 0.139466
43 71 0.140947
43 72 0.142051
43 73 0.142663
43 74 0.142853
43 75 0.142516
43 76 0.141731
43 77 0.140402
43 78 0.138614
43 79 0.136287
43 80 0.133509
43 81 0.130213
43 82 0.126492
43 83 0.122290
43 84 0.117700
43 85 0.112680
43 86 0.107318
43 87 0.101582
43 88 0.095558
43 89 0.089217
43 90 0.082641
43 91 0.075807
43 92 0.068787
43 93 0.061566
43 94 0.054205
43 95 0.046694
43 96 0.039083
43 97 0.031369
43 98 0.023592
43 99 0.015755
43 100 0.007887
44 1 0.000221
44 2 0.000442
44 3 0.000668
44 4 0.000898
44 5 0.001137
44 6 0.001382
44 7 0.001641
44 8 0.001909
44 9 0.002196
44 10 0.002494
44 11 0.002816
44 12 0.003152
44 13 0.003518
44 14 0.003901
44 15 0.004320
44 16 0.004760
44 17 0.005242
44 18 0.005748
44 19 0.006303
44 20 0.006887
44 21 0.007526
44 22 0.008198
44 23 0.008934
44 24 0.009708
44 25 0.010553
44 26 0.011441
44 27 0.012409
44 28 0.013425
44 29 0.014530
44 30 0.015689
44 31 0.016945
44 32 0.018261
44 33 0.019683
44 34 0.021171
44 35 0.022774
44 36 0.024447
44 37 0.026244
44 38 0.028115
44 39 0.030119
44 40 0.032200
44 41 0.034419
44 42 0.036718
44 43 0.039160
44 44 0.041682
44 45 0.044348
44 46 0.047091
44 47 0.049978
44 48 0.052934
44 49 0.056030
44 50 0.059184
44 51 0.062467
44 52 0.065792
44 53 0.069231
44 54 0.072690
44 55 0.076238
44 56 0.079779
44 57 0.083379
44 58 0.086935
44 59 0.090512
44 60 0.094003
44 61 0.097470
44 62 0.100802
44 63 0.104057
44 64 0.107123
44 65 0.110057
44 66 0.112743
44 67 0.115239
44 68 0.117430
44 69 0.119374
44 70 0.120959
44 71 0.122245
44 72 0.123126
44 73 0.123666
44 74 0.123764
44 75 0.123491
44 76 0.122755
44 77 0.121631
44 78 0.120040
44 79 0.118058
44 80 0.115621
44 81 0.112807
44 82 0.109561
44 83 0.105965
44 84 0.101974
44 85 0.097668
44 86 0.093012
44 87 0.088083
44 88 0.082852
44 89 0.077392
44 90 0.071682
44 91 0.065786
44 92 0.059689
44 93 0.053448
44 94 0.047052
44 95 0.040549
44 96 0.033935
44 97 0.027248
44 98 0.020489
44 99 0.013687
44 100 0.006851
45 1 0.000190
45 2 0.000382
45 3 0.000576
45 4 0.000776
45 5 0.000980
45 6 0.001194
45 7 0.001415
45 8 0.001649
45 9 0.001892
45 10 0.002154
45 11 0.002426
45 12 0.002722
45 13 0.003032
45 14 0.003369
45 15 0.003723
45 16 0.004110
45 17 0.004516
45 18 0.004962
45 19 0.005430
45 20 0.005943
45 21 0.006483
45 22 0.007074
45 23 0.007695
45 24 0.008374
45 25 0.009088
45 26 0.009867
45 27 0.010684
45 28 0.011574
45 29 0.012508
45 30 0.013522
45 31 0.014584
45 32 0.015734
45 33 0.016936
45 34 0.018234
45 35 0.019589
45 36 0.021048
45 37 0.022567
45 38 0.024196
45 39 0.025889
45 40 0.027698
45 41 0.029573
45 42 0.031569
45 43 0.033631
45 44 0.035816
45 45 0.038066
45 46 0.040440
45 47 0.042874
45 48 0.045429
45 49 0.048036
45 50 0.050757
45 51 0.053520
45 52 0.056384
45 53 0.059272
45 54 0.062246
45 55 0.065222
45 56 0.068261
45 57 0.071274
45 58 0.074321
45 59 0.077309
45 60 0.080295
45 61 0.083183
45 62 0.086028
45 63 0.088731
45 64 0.091346
45 65 0.093772
45 66 0.096061
45 67 0.098114
45 68 0.099982
45 69 0.101566
45 70 0.102920
45 71 0.103950
45 72 0.104709
45 73 0.105109
45 74 0.105209
45 75 0.104926
45 76 0.104323
45 77 0.103326
45 78 0.102002
45 79 0.100286
45 80 0.098247
45 81 0.095832
45 82 0.093109
45 83 0.090036
45 84 0.086681
45 85 0.083008
45 86 0.079085
45 87 0.074885
45 88 0.070470
45 89 0.065818
45 90 0.060990
45 91 0.055967
45 92 0.050803
45 93 0.045485
45 94 0.040058
45 95 0.034517
45 96 0.028898
45 97 0.023199
45 98 0.017450
45 99 0.011655
45 100 0.005835
46 1 0.000159
46 2 0.000320
46 3 0.000483
46 4 0.000650
46 5 0.000822
46 6 0.001000
46 7 0.001187
46 8 0.001380
46 9 0.001587
46 10 0.001803
46 11 0.002035
46 12 0.002278
46 13 0.002543
46 14 0.002819
46 15 0.003122
46 16 0.003439
46 17 0.003787
46 18 0.004152
46 19 0.004552
46 20 0.004973
46 21 0.005434
46 22 0.005918
46 23 0.006448
46 24 0.007006
46 25 0.007614
46 26 0.008253
46 27 0.008949
46 28 0.009680
46 29 0.010474
46 30 0.011307
46 31 0.012209
46 32 0.013154
46 33 0.014174
46 34 0.015240
46 35 0.016389
46 36 0.017587
46 37 0.018874
46 38 0.020212
46 39 0.021644
46 40 0.023130
46 41 0.024714
46 42 0.026352
46 43 0.028092
46 44 0.029885
46 45 0.031781
46 46 0.033728
46 47 0.035776
46 48 0.037870
46 49 0.040061
46 50 0.042290
46 51 0.044607
46 52 0.046950
46 53 0.049370
46 54 0.051799
46 55 0.054289
46 56 0.056768
46 57 0.059285
46 58 0.061765
46 59 0.064258
46 60 0.066684
46 61 0.069090
46 62 0.071395
46 63 0.073646
46 64 0.075758
46 65 0.077776
46 66 0.079617
46 67 0.081325
46 68 0.082817
46 69 0.084138
46 70 0.085207
46 71 0.086069
46 72 0.086650
46 73 0.086995
46 74 0.087035
46 75 0.086819
46 76 0.086283
46 77 0.085481
46 78 0.084355
46 79 0.082961
46 80 0.081250
46 81 0.079280
46 82 0.077009
46 83 0.074495
46 84 0.071705
46 85 0.068694
46 86 0.065437
46 87 0.061988
46 88 0.058324
46 89 0.054498
46 90 0.050492
46 91 0.046354
46 92 0.042070
46 93 0.037681
46 94 0.033180
46 95 0.028602
46 96 0.023941
46 97 0.019227
46 98 0.014459
46 99 0.009660
46 100 0.004835
47 1 0.000128
47 2 0.000257
47 3 0.000388
47 4 0.000523
47 5 0.000660
47 6 0.000804
47 7 0.000953
47 8 0.001111
47 9 0.001274
47 10 0.001450
47 11 0.001634
47 12 0.001833
47 13 0.002041
47 14 0.002268
47 15 0.002506
47 16 0.002766
47 17 0.003039
47 18 0.003339
47 19 0.003653
47 20 0.003998
47 21 0.004361
47 22 0.004757
47 23 0.005175
47 24 0.005630
47 25 0.006109
47 26 0.006632
47 27 0.007180
47 28 0.007777
47 29 0.008402
47 30 0.009081
47 31 0.009792
47 32 0.010562
47 33 0.011367
47 34 0.012235
47 35 0.013140
47 36 0.014114
47 37 0.015129
47 38 0.016216
47 39 0.017345
47 40 0.018550
47 41 0.019799
47 42 0.021127
47 43 0.022498
47 44 0.023951
47 45 0.025444
47 46 0.027019
47 47 0.028632
47 48 0.030323
47 49 0.032048
47 50 0.033845
47 51 0.035668
47 52 0.037556
47 53 0.039457
47 54 0.041412
47 55 0.043366
47 56 0.045358
47 57 0.047331
47 58 0.049323
47 59 0.051273
47 60 0.053219
47 61 0.055098
47 62 0.056946
47 63 0.058698
47 64 0.060391
47 65 0.061957
47 66 0.063433
47 67 0.064751
47 68 0.065949
47 69 0.066961
47 70 0.067823
47 71 0.068472
47 72 0.068946
47 73 0.069187
47 74 0.069233
47 75 0.069031
47 76 0.068623
47 77 0.067959
47 78 0.067083
47 79 0.065953
47 80 0.064613
47 81 0.063029
47 82 0.061245
47 83 0.059231
47 84 0.057034
47 85 0.054628
47 86 0.052058
47 87 0.049304
47 88 0.046409
47 89 0.043357
47 90 0.040186
47 91 0.036886
47 92 0.033490
47 93 0.029991
47 94 0.026419
47 95 0.022768
47 96 0.019065
47 97 0.015307
47 98 0.011515
47 99 0.007692
47 100 0.003851
48 1 0.000096
48 2 0.000193
48 3 0.000292
48 4 0.000393
48 5 0.000497
48 6 0.000605
48 7 0.000718
48 8 0.000835
48 9 0.000960
48 10 0.001090
48 11 0.001231
48 12 0.001378
48 13 0.001537
48 14 0.001705
48 15 0.001887
48 16 0.002079
48 17 0.002289
48 18 0.002510
48 19 0.002751
48 20 0.003005
48 21 0.003284
48 22 0.003576
48 23 0.003896
48 24 0.004232
48 25 0.004599
48 26 0.004984
48 27 0.005404
48 28 0.005844
48 29 0.006323
48 30 0.006824
48 31 0.007367
48 32 0.007936
48 33 0.008550
48 34 0.009191
48 35 0.009882
48 36 0.010602
48 37 0.011374
48 38 0.012178
48 39 0.013037
48 40 0.013928
48 41 0.014878
48 42 0.015859
48 43 0.016901
48 44 0.017974
48 45 0.019108
48 46 0.020271
48 47 0.021494
48 48 0.022743
48 49 0.024049
48 50 0.025376
48 51 0.026755
48 52 0.028148
48 53 0.029585
48 54 0.031026
48 55 0.032502
48 56 0.033969
48 57 0.035458
48 58 0.036923
48 59 0.038393
48 60 0.039822
48 61 0.041238
48 62 0.042593
48 63 0.043913
48 64 0.045150
48 65 0.046331
48 66 0.047405
48 67 0.048401
48 68 0.049268
48 69 0.050034
48 70 0.050651
48 71 0.051147
48 72 0.051477
48 73 0.051669
48 74 0.051680
48 75 0.051543
48 76 0.051218
48 77 0.050736
48 78 0.050065
48 79 0.049237
48 80 0.048222
48 81 0.047055
48 82 0.045711
48 83 0.044223
48 84 0.042572
48 85 0.040791
48 86 0.038864
48 87 0.036822
48 88 0.034652
48 89 0.032385
48 90 0.030011
48 91 0.027556
48 92 0.025014
48 93 0.022409
48 94 0.019735
48 95 0.017014
48 96 0.014244
48 97 0.011440
48 98 0.008604
48 99 0.005749
48 100 0.002878
49 1 0.000064
49 2 0.000129
49 3 0.000195
49 4 0.000263
49 5 0.000332
49 6 0.000405
49 7 0.000479
49 8 0.000559
49 9 0.000641
49 10 0.000729
49 11 0.000822
49 12 0.000922
49 13 0.001026
49 14 0.001140
49 15 0.001260
49 16 0.001391
49 17 0.001528
49 18 0.001679
49 19 0.001837
49 20 0.002010
49 21 0.002192
49 22 0.002391
49 23 0.002601
49 24 0.002829
49 25 0.003070
49 26 0.003332
49 27 0.003607
49 28 0.003906
49 29 0.004220
49 30 0.004561
49 31 0.004917
49 32 0.005303
49 33 0.005706
49 34 0.006140
49 35 0.006594
49 36 0.007082
49 37 0.007589
49 38 0.008133
49 39 0.008697
49 40 0.009300
49 41 0.009924
49 42 0.010587
49 43 0.011272
49 44 0.011996
49 45 0.012741
49 46 0.013526
49 47 0.014329
49 48 0.015171
49 49 0.016029
49 50 0.016923
49 51 0.017829
49 52 0.018766
49 53 0.019709
49 54 0.020679
49 55 0.021647
49 56 0.022633
49 57 0.023608
49 58 0.024593
49 59 0.025555
49 60 0.026515
49 61 0.027440
49 62 0.028350
49 63 0.029211
49 64 0.030043
49 65 0.030811
49 66 0.031534
49 67 0.032179
49 68 0.032764
49 69 0.033257
49 70 0.033676
49 71 0.033989
49 72 0.034218
49 73 0.034330
49 74 0.034348
49 75 0.034243
49 76 0.034037
49 77 0.033704
49 78 0.033269
49 79 0.032707
49 80 0.032044
49 81 0.031259
49 82 0.030376
49 83 0.029379
49 84 0.028292
49 85 0.027102
49 86 0.025830
49 87 0.024467
49 88 0.023034
49 89 0.021522
49 90 0.019951
49 91 0.018315
49 92 0.016631
49 93 0.014895
49 94 0.013123
49 95 0.011311
49 96 0.009472
49 97 0.007605
49 98 0.005722
49 99 0.003822
49 100 0.001914
50 1 0.000032
50 2 0.000065
50 3 0.000098
50 4 0.000132
50 5 0.000166
50 6 0.000202
50 7 0.000240
50 8 0.000279
50 9 0.000321
50 10 0.000365
50 11 0.000412
50 12 0.000461
50 13 0.000514
50 14 0.000570
50 15 0.000632
50 16 0.000696
50 17 0.000766
50 18 0.000840
50 19 0.000920
50 20 0.001005
50 21 0.001098
50 22 0.001196
50 23 0.001303
50 24 0.001415
50 25 0.001538
50 26 0.001667
50 27 0.001807
50 28 0.001954
50 29 0.002114
50 30 0.002281
50 31 0.002463
50 32 0.002652
50 33 0.002857
50 34 0.003071
50 35 0.003302
50 36 0.003542
50 37 0.003800
50 38 0.004067
50 39 0.004354
50 40 0.004651
50 41 0.004967
50 42 0.005294
50 43 0.005641
50 44 0.005998
50 45 0.006375
50 46 0.006762
50 47 0.007169
50 48 0.007584
50 49 0.008018
50 50 0.008459
50 51 0.008916
50 52 0.009379
50 53 0.009855
50 54 0.010333
50 55 0.010822
50 56 0.011307
50 57 0.011800
50 58 0.012284
50 59 0.012771
50 60 0.013242
50 61 0.013710
50 62 0.014156
50 63 0.014592
50 64 0.014999
50 65 0.015388
50 66 0.015741
50 67 0.016068
50 68 0.016353
50 69 0.016604
50 70 0.016805
50 71 0.016967
50 72 0.017074
50 73 0.017135
50 74 0.017137
50 75 0.017090
50 76 0.016981
50 77 0.016821
50 78 0.016598
50 79 0.016323
50 80 0.015987
50 81 0.015600
50 82 0.015155
50 83 0.014663
50 84 0.014116
50 85 0.013527
50 86 0.012888
50 87 0.012212
50 88 0.011494
50 89 0.010743
50 90 0.009956
50 91 0.009143
50 92 0.008300
50 93 0.007436
50 94 0.006549
50 95 0.005647
50 96 0.004728
50 97 0.003797
50 98 0.002856
50 99 0.001908
50 100 0.000955
